 1.000280e-02  8.796006e-04  1.000280e-02  1.699865e-01 
 1.001280e-02  4.016905e-03  1.001280e-02  7.758732e-01 
 1.002280e-02  7.138357e-03  1.002280e-02  1.373976e+00 
 1.003280e-02  1.023164e-02  1.003280e-02  1.958529e+00 
 1.004280e-02  1.328454e-02  1.004280e-02  2.524277e+00 
 1.005280e-02  1.628501e-02  1.005280e-02  3.066639e+00 
 1.006280e-02  1.922121e-02  1.006280e-02  3.581826e+00 
 1.007280e-02  2.208156e-02  1.007280e-02  4.066904e+00 
 1.008280e-02  2.485476e-02  1.008280e-02  4.519799e+00 
 1.009280e-02  2.752987e-02  1.009280e-02  4.939254e+00 
 1.010280e-02  3.009633e-02  1.010280e-02  5.324752e+00 
 1.011280e-02  3.254401e-02  1.011280e-02  5.676416e+00 
 1.012280e-02  3.486326e-02  1.012280e-02  5.994883e+00 
 1.013280e-02  3.704492e-02  1.013280e-02  6.281189e+00 
 1.014280e-02  3.908038e-02  1.014280e-02  6.536648e+00 
 1.015280e-02  4.096161e-02  1.015280e-02  6.762749e+00 
 1.016280e-02  4.268118e-02  1.016280e-02  6.961060e+00 
 1.017280e-02  4.423230e-02  1.017280e-02  7.133150e+00 
 1.018280e-02  4.560887e-02  1.018280e-02  7.280532e+00 
 1.019280e-02  4.680543e-02  1.019280e-02  7.404607e+00 
 1.020280e-02  4.781728e-02  1.020280e-02  7.506632e+00 
 1.021280e-02  4.864041e-02  1.021280e-02  7.587693e+00 
 1.022280e-02  4.927158e-02  1.022280e-02  7.648685e+00 
 1.023280e-02  4.970830e-02  1.023280e-02  7.690301e+00 
 1.024280e-02  4.994884e-02  1.024280e-02  7.713022e+00 
 1.025280e-02  4.999226e-02  1.025280e-02  7.717115e+00 
 1.026280e-02  4.983838e-02  1.026280e-02  7.702627e+00 
 1.027280e-02  4.948782e-02  1.027280e-02  7.669389e+00 
 1.028280e-02  4.894194e-02  1.028280e-02  7.617013e+00 
 1.029280e-02  4.820292e-02  1.029280e-02  7.544899e+00 
 1.030280e-02  4.727366e-02  1.030280e-02  7.452239e+00 
 1.031280e-02  4.615783e-02  1.031280e-02  7.338031e+00 
 1.032280e-02  4.485984e-02  1.032280e-02  7.201089e+00 
 1.033280e-02  4.338480e-02  1.033280e-02  7.040073e+00 
 1.034280e-02  4.173855e-02  1.034280e-02  6.853512e+00 
 1.035280e-02  3.992757e-02  1.035280e-02  6.639858e+00 
 1.036280e-02  3.795902e-02  1.036280e-02  6.397530e+00 
 1.037280e-02  3.584066e-02  1.037280e-02  6.124996e+00 
 1.038280e-02  3.358086e-02  1.038280e-02  5.820851e+00 
 1.039280e-02  3.118852e-02  1.039280e-02  5.483924e+00 
 1.040280e-02  2.867310e-02  1.040280e-02  5.113386e+00 
 1.041280e-02  2.604452e-02  1.041280e-02  4.708873e+00 
 1.042280e-02  2.331316e-02  1.042280e-02  4.270606e+00 
 1.043280e-02  2.048978e-02  1.043280e-02  3.799504e+00 
 1.044280e-02  1.758555e-02  1.044280e-02  3.297274e+00 
 1.045280e-02  1.461191e-02  1.045280e-02  2.766469e+00 
 1.046280e-02  1.158060e-02  1.046280e-02  2.210507e+00 
 1.047280e-02  8.503595e-03  1.047280e-02  1.633628e+00 
 1.048280e-02  5.393027e-03  1.048280e-02  1.040811e+00 
 1.049280e-02  2.261175e-03  1.049280e-02  4.376189e-01 
 1.050280e-02 -8.796006e-04  1.050280e-02 -1.699866e-01 
 1.051280e-02 -4.016905e-03  1.051280e-02 -7.758731e-01 
 1.052280e-02 -7.138357e-03  1.052280e-02 -1.373976e+00 
 1.053280e-02 -1.023164e-02  1.053280e-02 -1.958529e+00 
 1.054280e-02 -1.328454e-02  1.054280e-02 -2.524277e+00 
 1.055280e-02 -1.628501e-02  1.055280e-02 -3.066638e+00 
 1.056280e-02 -1.922121e-02  1.056280e-02 -3.581826e+00 
 1.057280e-02 -2.208156e-02  1.057280e-02 -4.066904e+00 
 1.058280e-02 -2.485476e-02  1.058280e-02 -4.519799e+00 
 1.059280e-02 -2.752987e-02  1.059280e-02 -4.939253e+00 
 1.060280e-02 -3.009633e-02  1.060280e-02 -5.324753e+00 
 1.061280e-02 -3.254401e-02  1.061280e-02 -5.676416e+00 
 1.062280e-02 -3.486326e-02  1.062280e-02 -5.994883e+00 
 1.063280e-02 -3.704492e-02  1.063280e-02 -6.281189e+00 
 1.064280e-02 -3.908038e-02  1.064280e-02 -6.536648e+00 
 1.065280e-02 -4.096161e-02  1.065280e-02 -6.762749e+00 
 1.066280e-02 -4.268118e-02  1.066280e-02 -6.961060e+00 
 1.067280e-02 -4.423230e-02  1.067280e-02 -7.133150e+00 
 1.068280e-02 -4.560887e-02  1.068280e-02 -7.280532e+00 
 1.069280e-02 -4.680543e-02  1.069280e-02 -7.404607e+00 
 1.070280e-02 -4.781728e-02  1.070280e-02 -7.506632e+00 
 1.071280e-02 -4.864041e-02  1.071280e-02 -7.587693e+00 
 1.072280e-02 -4.927158e-02  1.072280e-02 -7.648685e+00 
 1.073280e-02 -4.970830e-02  1.073280e-02 -7.690301e+00 
 1.074280e-02 -4.994884e-02  1.074280e-02 -7.713023e+00 
 1.075280e-02 -4.999226e-02  1.075280e-02 -7.717115e+00 
 1.076280e-02 -4.983838e-02  1.076280e-02 -7.702627e+00 
 1.077280e-02 -4.948782e-02  1.077280e-02 -7.669389e+00 
 1.078280e-02 -4.894194e-02  1.078280e-02 -7.617013e+00 
 1.079280e-02 -4.820292e-02  1.079280e-02 -7.544898e+00 
 1.080280e-02 -4.727366e-02  1.080280e-02 -7.452239e+00 
 1.081280e-02 -4.615783e-02  1.081280e-02 -7.338031e+00 
 1.082280e-02 -4.485984e-02  1.082280e-02 -7.201090e+00 
 1.083280e-02 -4.338480e-02  1.083280e-02 -7.040073e+00 
 1.084280e-02 -4.173855e-02  1.084280e-02 -6.853513e+00 
 1.085280e-02 -3.992757e-02  1.085280e-02 -6.639857e+00 
 1.086280e-02 -3.795902e-02  1.086280e-02 -6.397530e+00 
 1.087280e-02 -3.584066e-02  1.087280e-02 -6.124995e+00 
 1.088280e-02 -3.358086e-02  1.088280e-02 -5.820851e+00 
 1.089280e-02 -3.118852e-02  1.089280e-02 -5.483924e+00 
 1.090280e-02 -2.867310e-02  1.090280e-02 -5.113386e+00 
 1.091280e-02 -2.604452e-02  1.091280e-02 -4.708872e+00 
 1.092280e-02 -2.331316e-02  1.092280e-02 -4.270606e+00 
 1.093280e-02 -2.048978e-02  1.093280e-02 -3.799504e+00 
 1.094280e-02 -1.758555e-02  1.094280e-02 -3.297274e+00 
 1.095280e-02 -1.461191e-02  1.095280e-02 -2.766469e+00 
 1.096280e-02 -1.158060e-02  1.096280e-02 -2.210507e+00 
 1.097280e-02 -8.503595e-03  1.097280e-02 -1.633628e+00 
 1.098280e-02 -5.393027e-03  1.098280e-02 -1.040811e+00 
 1.099280e-02 -2.261175e-03  1.099280e-02 -4.376187e-01 
 1.100280e-02  8.796006e-04  1.100280e-02  1.699865e-01 
 1.101280e-02  4.016905e-03  1.101280e-02  7.758732e-01 
 1.102280e-02  7.138357e-03  1.102280e-02  1.373976e+00 
 1.103280e-02  1.023164e-02  1.103280e-02  1.958529e+00 
 1.104280e-02  1.328454e-02  1.104280e-02  2.524277e+00 
 1.105280e-02  1.628501e-02  1.105280e-02  3.066639e+00 
 1.106280e-02  1.922121e-02  1.106280e-02  3.581826e+00 
 1.107280e-02  2.208156e-02  1.107280e-02  4.066904e+00 
 1.108280e-02  2.485476e-02  1.108280e-02  4.519799e+00 
 1.109280e-02  2.752987e-02  1.109280e-02  4.939254e+00 
 1.110280e-02  3.009633e-02  1.110280e-02  5.324752e+00 
 1.111280e-02  3.254401e-02  1.111280e-02  5.676416e+00 
 1.112280e-02  3.486326e-02  1.112280e-02  5.994883e+00 
 1.113280e-02  3.704492e-02  1.113280e-02  6.281189e+00 
 1.114280e-02  3.908038e-02  1.114280e-02  6.536648e+00 
 1.115280e-02  4.096161e-02  1.115280e-02  6.762749e+00 
 1.116280e-02  4.268118e-02  1.116280e-02  6.961060e+00 
 1.117280e-02  4.423230e-02  1.117280e-02  7.133150e+00 
 1.118280e-02  4.560887e-02  1.118280e-02  7.280532e+00 
 1.119280e-02  4.680543e-02  1.119280e-02  7.404607e+00 
 1.120280e-02  4.781728e-02  1.120280e-02  7.506632e+00 
 1.121280e-02  4.864041e-02  1.121280e-02  7.587693e+00 
 1.122280e-02  4.927158e-02  1.122280e-02  7.648685e+00 
 1.123280e-02  4.970830e-02  1.123280e-02  7.690301e+00 
 1.124280e-02  4.994884e-02  1.124280e-02  7.713022e+00 
 1.125280e-02  4.999226e-02  1.125280e-02  7.717115e+00 
 1.126280e-02  4.983838e-02  1.126280e-02  7.702627e+00 
 1.127280e-02  4.948782e-02  1.127280e-02  7.669389e+00 
 1.128280e-02  4.894194e-02  1.128280e-02  7.617013e+00 
 1.129280e-02  4.820292e-02  1.129280e-02  7.544899e+00 
 1.130280e-02  4.727366e-02  1.130280e-02  7.452239e+00 
 1.131280e-02  4.615783e-02  1.131280e-02  7.338031e+00 
 1.132280e-02  4.485984e-02  1.132280e-02  7.201089e+00 
 1.133280e-02  4.338480e-02  1.133280e-02  7.040073e+00 
 1.134280e-02  4.173855e-02  1.134280e-02  6.853512e+00 
 1.135280e-02  3.992757e-02  1.135280e-02  6.639858e+00 
 1.136280e-02  3.795902e-02  1.136280e-02  6.397530e+00 
 1.137280e-02  3.584066e-02  1.137280e-02  6.124996e+00 
 1.138280e-02  3.358086e-02  1.138280e-02  5.820851e+00 
 1.139280e-02  3.118852e-02  1.139280e-02  5.483924e+00 
 1.140280e-02  2.867310e-02  1.140280e-02  5.113386e+00 
 1.141280e-02  2.604452e-02  1.141280e-02  4.708872e+00 
 1.142280e-02  2.331316e-02  1.142280e-02  4.270606e+00 
 1.143280e-02  2.048978e-02  1.143280e-02  3.799504e+00 
 1.144280e-02  1.758555e-02  1.144280e-02  3.297274e+00 
 1.145280e-02  1.461191e-02  1.145280e-02  2.766469e+00 
 1.146280e-02  1.158060e-02  1.146280e-02  2.210507e+00 
 1.147280e-02  8.503595e-03  1.147280e-02  1.633628e+00 
 1.148280e-02  5.393027e-03  1.148280e-02  1.040811e+00 
 1.149280e-02  2.261175e-03  1.149280e-02  4.376188e-01 
 1.150280e-02 -8.796006e-04  1.150280e-02 -1.699866e-01 
 1.151280e-02 -4.016905e-03  1.151280e-02 -7.758731e-01 
 1.152280e-02 -7.138357e-03  1.152280e-02 -1.373976e+00 
 1.153280e-02 -1.023164e-02  1.153280e-02 -1.958529e+00 
 1.154280e-02 -1.328454e-02  1.154280e-02 -2.524277e+00 
 1.155280e-02 -1.628501e-02  1.155280e-02 -3.066638e+00 
 1.156280e-02 -1.922121e-02  1.156280e-02 -3.581826e+00 
 1.157280e-02 -2.208156e-02  1.157280e-02 -4.066904e+00 
 1.158280e-02 -2.485476e-02  1.158280e-02 -4.519799e+00 
 1.159280e-02 -2.752987e-02  1.159280e-02 -4.939253e+00 
 1.160280e-02 -3.009633e-02  1.160280e-02 -5.324753e+00 
 1.161280e-02 -3.254401e-02  1.161280e-02 -5.676416e+00 
 1.162280e-02 -3.486326e-02  1.162280e-02 -5.994883e+00 
 1.163280e-02 -3.704492e-02  1.163280e-02 -6.281189e+00 
 1.164280e-02 -3.908038e-02  1.164280e-02 -6.536648e+00 
 1.165280e-02 -4.096161e-02  1.165280e-02 -6.762749e+00 
 1.166280e-02 -4.268118e-02  1.166280e-02 -6.961060e+00 
 1.167280e-02 -4.423230e-02  1.167280e-02 -7.133150e+00 
 1.168280e-02 -4.560887e-02  1.168280e-02 -7.280532e+00 
 1.169280e-02 -4.680543e-02  1.169280e-02 -7.404607e+00 
 1.170280e-02 -4.781728e-02  1.170280e-02 -7.506632e+00 
 1.171280e-02 -4.864041e-02  1.171280e-02 -7.587693e+00 
 1.172280e-02 -4.927158e-02  1.172280e-02 -7.648685e+00 
 1.173280e-02 -4.970830e-02  1.173280e-02 -7.690301e+00 
 1.174280e-02 -4.994884e-02  1.174280e-02 -7.713023e+00 
 1.175280e-02 -4.999226e-02  1.175280e-02 -7.717115e+00 
 1.176280e-02 -4.983838e-02  1.176280e-02 -7.702627e+00 
 1.177280e-02 -4.948782e-02  1.177280e-02 -7.669389e+00 
 1.178280e-02 -4.894194e-02  1.178280e-02 -7.617013e+00 
 1.179280e-02 -4.820292e-02  1.179280e-02 -7.544898e+00 
 1.180280e-02 -4.727366e-02  1.180280e-02 -7.452239e+00 
 1.181280e-02 -4.615783e-02  1.181280e-02 -7.338031e+00 
 1.182280e-02 -4.485984e-02  1.182280e-02 -7.201090e+00 
 1.183280e-02 -4.338480e-02  1.183280e-02 -7.040073e+00 
 1.184280e-02 -4.173855e-02  1.184280e-02 -6.853513e+00 
 1.185280e-02 -3.992757e-02  1.185280e-02 -6.639857e+00 
 1.186280e-02 -3.795902e-02  1.186280e-02 -6.397530e+00 
 1.187280e-02 -3.584066e-02  1.187280e-02 -6.124995e+00 
 1.188280e-02 -3.358086e-02  1.188280e-02 -5.820851e+00 
 1.189280e-02 -3.118852e-02  1.189280e-02 -5.483924e+00 
 1.190280e-02 -2.867310e-02  1.190280e-02 -5.113386e+00 
 1.191280e-02 -2.604452e-02  1.191280e-02 -4.708872e+00 
 1.192280e-02 -2.331316e-02  1.192280e-02 -4.270606e+00 
 1.193280e-02 -2.048978e-02  1.193280e-02 -3.799504e+00 
 1.194280e-02 -1.758555e-02  1.194280e-02 -3.297274e+00 
 1.195280e-02 -1.461191e-02  1.195280e-02 -2.766469e+00 
 1.196280e-02 -1.158060e-02  1.196280e-02 -2.210507e+00 
 1.197280e-02 -8.503595e-03  1.197280e-02 -1.633628e+00 
 1.198280e-02 -5.393027e-03  1.198280e-02 -1.040811e+00 
 1.199280e-02 -2.261175e-03  1.199280e-02 -4.376187e-01 
 1.200280e-02  8.796006e-04  1.200280e-02  1.699865e-01 
 1.201280e-02  4.016905e-03  1.201280e-02  7.758732e-01 
 1.202280e-02  7.138357e-03  1.202280e-02  1.373976e+00 
 1.203280e-02  1.023164e-02  1.203280e-02  1.958529e+00 
 1.204280e-02  1.328454e-02  1.204280e-02  2.524277e+00 
 1.205280e-02  1.628501e-02  1.205280e-02  3.066639e+00 
 1.206280e-02  1.922121e-02  1.206280e-02  3.581826e+00 
 1.207280e-02  2.208156e-02  1.207280e-02  4.066904e+00 
 1.208280e-02  2.485476e-02  1.208280e-02  4.519799e+00 
 1.209280e-02  2.752987e-02  1.209280e-02  4.939254e+00 
 1.210280e-02  3.009633e-02  1.210280e-02  5.324752e+00 
 1.211280e-02  3.254401e-02  1.211280e-02  5.676416e+00 
 1.212280e-02  3.486326e-02  1.212280e-02  5.994883e+00 
 1.213280e-02  3.704492e-02  1.213280e-02  6.281189e+00 
 1.214280e-02  3.908038e-02  1.214280e-02  6.536648e+00 
 1.215280e-02  4.096161e-02  1.215280e-02  6.762749e+00 
 1.216280e-02  4.268118e-02  1.216280e-02  6.961060e+00 
 1.217280e-02  4.423230e-02  1.217280e-02  7.133150e+00 
 1.218280e-02  4.560887e-02  1.218280e-02  7.280532e+00 
 1.219280e-02  4.680543e-02  1.219280e-02  7.404607e+00 
 1.220280e-02  4.781728e-02  1.220280e-02  7.506632e+00 
 1.221280e-02  4.864041e-02  1.221280e-02  7.587693e+00 
 1.222280e-02  4.927158e-02  1.222280e-02  7.648685e+00 
 1.223280e-02  4.970830e-02  1.223280e-02  7.690301e+00 
 1.224280e-02  4.994884e-02  1.224280e-02  7.713022e+00 
 1.225280e-02  4.999226e-02  1.225280e-02  7.717115e+00 
 1.226280e-02  4.983838e-02  1.226280e-02  7.702627e+00 
 1.227280e-02  4.948782e-02  1.227280e-02  7.669389e+00 
 1.228280e-02  4.894194e-02  1.228280e-02  7.617013e+00 
 1.229280e-02  4.820292e-02  1.229280e-02  7.544899e+00 
 1.230280e-02  4.727366e-02  1.230280e-02  7.452239e+00 
 1.231280e-02  4.615783e-02  1.231280e-02  7.338031e+00 
 1.232280e-02  4.485984e-02  1.232280e-02  7.201089e+00 
 1.233280e-02  4.338480e-02  1.233280e-02  7.040073e+00 
 1.234280e-02  4.173855e-02  1.234280e-02  6.853512e+00 
 1.235280e-02  3.992757e-02  1.235280e-02  6.639858e+00 
 1.236280e-02  3.795902e-02  1.236280e-02  6.397530e+00 
 1.237280e-02  3.584066e-02  1.237280e-02  6.124996e+00 
 1.238280e-02  3.358086e-02  1.238280e-02  5.820851e+00 
 1.239280e-02  3.118852e-02  1.239280e-02  5.483924e+00 
 1.240280e-02  2.867310e-02  1.240280e-02  5.113386e+00 
 1.241280e-02  2.604452e-02  1.241280e-02  4.708872e+00 
 1.242280e-02  2.331316e-02  1.242280e-02  4.270606e+00 
 1.243280e-02  2.048978e-02  1.243280e-02  3.799504e+00 
 1.244280e-02  1.758555e-02  1.244280e-02  3.297274e+00 
 1.245280e-02  1.461191e-02  1.245280e-02  2.766469e+00 
 1.246280e-02  1.158060e-02  1.246280e-02  2.210507e+00 
 1.247280e-02  8.503595e-03  1.247280e-02  1.633628e+00 
 1.248280e-02  5.393027e-03  1.248280e-02  1.040811e+00 
 1.249280e-02  2.261175e-03  1.249280e-02  4.376188e-01 
 1.250280e-02 -8.796006e-04  1.250280e-02 -1.699866e-01 
 1.251280e-02 -4.016905e-03  1.251280e-02 -7.758731e-01 
 1.252280e-02 -7.138357e-03  1.252280e-02 -1.373976e+00 
 1.253280e-02 -1.023164e-02  1.253280e-02 -1.958529e+00 
 1.254280e-02 -1.328454e-02  1.254280e-02 -2.524277e+00 
 1.255280e-02 -1.628501e-02  1.255280e-02 -3.066638e+00 
 1.256280e-02 -1.922121e-02  1.256280e-02 -3.581826e+00 
 1.257280e-02 -2.208156e-02  1.257280e-02 -4.066904e+00 
 1.258280e-02 -2.485476e-02  1.258280e-02 -4.519799e+00 
 1.259280e-02 -2.752987e-02  1.259280e-02 -4.939254e+00 
 1.260280e-02 -3.009633e-02  1.260280e-02 -5.324753e+00 
 1.261280e-02 -3.254401e-02  1.261280e-02 -5.676416e+00 
 1.262280e-02 -3.486326e-02  1.262280e-02 -5.994883e+00 
 1.263280e-02 -3.704492e-02  1.263280e-02 -6.281189e+00 
 1.264280e-02 -3.908038e-02  1.264280e-02 -6.536648e+00 
 1.265280e-02 -4.096161e-02  1.265280e-02 -6.762749e+00 
 1.266280e-02 -4.268118e-02  1.266280e-02 -6.961060e+00 
 1.267280e-02 -4.423230e-02  1.267280e-02 -7.133150e+00 
 1.268280e-02 -4.560887e-02  1.268280e-02 -7.280532e+00 
 1.269280e-02 -4.680543e-02  1.269280e-02 -7.404607e+00 
 1.270280e-02 -4.781728e-02  1.270280e-02 -7.506632e+00 
 1.271280e-02 -4.864041e-02  1.271280e-02 -7.587693e+00 
 1.272280e-02 -4.927158e-02  1.272280e-02 -7.648685e+00 
 1.273280e-02 -4.970830e-02  1.273280e-02 -7.690301e+00 
 1.274280e-02 -4.994884e-02  1.274280e-02 -7.713023e+00 
 1.275280e-02 -4.999226e-02  1.275280e-02 -7.717115e+00 
 1.276280e-02 -4.983838e-02  1.276280e-02 -7.702627e+00 
 1.277280e-02 -4.948782e-02  1.277280e-02 -7.669389e+00 
 1.278280e-02 -4.894194e-02  1.278280e-02 -7.617013e+00 
 1.279280e-02 -4.820292e-02  1.279280e-02 -7.544898e+00 
 1.280280e-02 -4.727366e-02  1.280280e-02 -7.452239e+00 
 1.281280e-02 -4.615783e-02  1.281280e-02 -7.338031e+00 
 1.282280e-02 -4.485984e-02  1.282280e-02 -7.201090e+00 
 1.283280e-02 -4.338480e-02  1.283280e-02 -7.040073e+00 
 1.284280e-02 -4.173855e-02  1.284280e-02 -6.853513e+00 
 1.285280e-02 -3.992757e-02  1.285280e-02 -6.639857e+00 
 1.286280e-02 -3.795902e-02  1.286280e-02 -6.397530e+00 
 1.287280e-02 -3.584066e-02  1.287280e-02 -6.124995e+00 
 1.288280e-02 -3.358086e-02  1.288280e-02 -5.820851e+00 
 1.289280e-02 -3.118852e-02  1.289280e-02 -5.483924e+00 
 1.290280e-02 -2.867310e-02  1.290280e-02 -5.113386e+00 
 1.291280e-02 -2.604452e-02  1.291280e-02 -4.708872e+00 
 1.292280e-02 -2.331316e-02  1.292280e-02 -4.270606e+00 
 1.293280e-02 -2.048978e-02  1.293280e-02 -3.799504e+00 
 1.294280e-02 -1.758555e-02  1.294280e-02 -3.297274e+00 
 1.295280e-02 -1.461191e-02  1.295280e-02 -2.766469e+00 
 1.296280e-02 -1.158060e-02  1.296280e-02 -2.210507e+00 
 1.297280e-02 -8.503595e-03  1.297280e-02 -1.633628e+00 
 1.298280e-02 -5.393027e-03  1.298280e-02 -1.040811e+00 
 1.299280e-02 -2.261175e-03  1.299280e-02 -4.376187e-01 
 1.300280e-02  8.796006e-04  1.300280e-02  1.699865e-01 
 1.301280e-02  4.016905e-03  1.301280e-02  7.758732e-01 
 1.302280e-02  7.138357e-03  1.302280e-02  1.373976e+00 
 1.303280e-02  1.023164e-02  1.303280e-02  1.958529e+00 
 1.304280e-02  1.328454e-02  1.304280e-02  2.524277e+00 
 1.305280e-02  1.628501e-02  1.305280e-02  3.066639e+00 
 1.306280e-02  1.922121e-02  1.306280e-02  3.581826e+00 
 1.307280e-02  2.208156e-02  1.307280e-02  4.066904e+00 
 1.308280e-02  2.485476e-02  1.308280e-02  4.519799e+00 
 1.309280e-02  2.752987e-02  1.309280e-02  4.939254e+00 
 1.310280e-02  3.009633e-02  1.310280e-02  5.324752e+00 
 1.311280e-02  3.254401e-02  1.311280e-02  5.676416e+00 
 1.312280e-02  3.486326e-02  1.312280e-02  5.994883e+00 
 1.313280e-02  3.704492e-02  1.313280e-02  6.281189e+00 
 1.314280e-02  3.908038e-02  1.314280e-02  6.536648e+00 
 1.315280e-02  4.096161e-02  1.315280e-02  6.762749e+00 
 1.316280e-02  4.268118e-02  1.316280e-02  6.961060e+00 
 1.317280e-02  4.423230e-02  1.317280e-02  7.133150e+00 
 1.318280e-02  4.560887e-02  1.318280e-02  7.280532e+00 
 1.319280e-02  4.680543e-02  1.319280e-02  7.404607e+00 
 1.320280e-02  4.781728e-02  1.320280e-02  7.506632e+00 
 1.321280e-02  4.864041e-02  1.321280e-02  7.587693e+00 
 1.322280e-02  4.927158e-02  1.322280e-02  7.648685e+00 
 1.323280e-02  4.970830e-02  1.323280e-02  7.690301e+00 
 1.324280e-02  4.994884e-02  1.324280e-02  7.713022e+00 
 1.325280e-02  4.999226e-02  1.325280e-02  7.717115e+00 
 1.326280e-02  4.983838e-02  1.326280e-02  7.702627e+00 
 1.327280e-02  4.948782e-02  1.327280e-02  7.669389e+00 
 1.328280e-02  4.894194e-02  1.328280e-02  7.617013e+00 
 1.329280e-02  4.820292e-02  1.329280e-02  7.544899e+00 
 1.330280e-02  4.727366e-02  1.330280e-02  7.452239e+00 
 1.331280e-02  4.615783e-02  1.331280e-02  7.338031e+00 
 1.332280e-02  4.485984e-02  1.332280e-02  7.201089e+00 
 1.333280e-02  4.338480e-02  1.333280e-02  7.040073e+00 
 1.334280e-02  4.173855e-02  1.334280e-02  6.853512e+00 
 1.335280e-02  3.992757e-02  1.335280e-02  6.639858e+00 
 1.336280e-02  3.795902e-02  1.336280e-02  6.397530e+00 
 1.337280e-02  3.584066e-02  1.337280e-02  6.124996e+00 
 1.338280e-02  3.358086e-02  1.338280e-02  5.820851e+00 
 1.339280e-02  3.118852e-02  1.339280e-02  5.483924e+00 
 1.340280e-02  2.867310e-02  1.340280e-02  5.113386e+00 
 1.341280e-02  2.604452e-02  1.341280e-02  4.708872e+00 
 1.342280e-02  2.331316e-02  1.342280e-02  4.270606e+00 
 1.343280e-02  2.048978e-02  1.343280e-02  3.799504e+00 
 1.344280e-02  1.758555e-02  1.344280e-02  3.297274e+00 
 1.345280e-02  1.461191e-02  1.345280e-02  2.766469e+00 
 1.346280e-02  1.158060e-02  1.346280e-02  2.210507e+00 
 1.347280e-02  8.503595e-03  1.347280e-02  1.633628e+00 
 1.348280e-02  5.393027e-03  1.348280e-02  1.040811e+00 
 1.349280e-02  2.261175e-03  1.349280e-02  4.376188e-01 
 1.350280e-02 -8.796006e-04  1.350280e-02 -1.699866e-01 
 1.351280e-02 -4.016905e-03  1.351280e-02 -7.758731e-01 
 1.352280e-02 -7.138357e-03  1.352280e-02 -1.373976e+00 
 1.353280e-02 -1.023164e-02  1.353280e-02 -1.958529e+00 
 1.354280e-02 -1.328454e-02  1.354280e-02 -2.524277e+00 
 1.355280e-02 -1.628501e-02  1.355280e-02 -3.066638e+00 
 1.356280e-02 -1.922121e-02  1.356280e-02 -3.581826e+00 
 1.357280e-02 -2.208156e-02  1.357280e-02 -4.066904e+00 
 1.358280e-02 -2.485476e-02  1.358280e-02 -4.519799e+00 
 1.359280e-02 -2.752987e-02  1.359280e-02 -4.939254e+00 
 1.360280e-02 -3.009633e-02  1.360280e-02 -5.324753e+00 
 1.361280e-02 -3.254401e-02  1.361280e-02 -5.676416e+00 
 1.362280e-02 -3.486326e-02  1.362280e-02 -5.994883e+00 
 1.363280e-02 -3.704492e-02  1.363280e-02 -6.281189e+00 
 1.364280e-02 -3.908038e-02  1.364280e-02 -6.536648e+00 
 1.365280e-02 -4.096161e-02  1.365280e-02 -6.762749e+00 
 1.366280e-02 -4.268118e-02  1.366280e-02 -6.961060e+00 
 1.367280e-02 -4.423230e-02  1.367280e-02 -7.133150e+00 
 1.368280e-02 -4.560887e-02  1.368280e-02 -7.280532e+00 
 1.369280e-02 -4.680543e-02  1.369280e-02 -7.404607e+00 
 1.370280e-02 -4.781728e-02  1.370280e-02 -7.506632e+00 
 1.371280e-02 -4.864041e-02  1.371280e-02 -7.587693e+00 
 1.372280e-02 -4.927158e-02  1.372280e-02 -7.648685e+00 
 1.373280e-02 -4.970830e-02  1.373280e-02 -7.690301e+00 
 1.374280e-02 -4.994884e-02  1.374280e-02 -7.713023e+00 
 1.375280e-02 -4.999226e-02  1.375280e-02 -7.717115e+00 
 1.376280e-02 -4.983838e-02  1.376280e-02 -7.702627e+00 
 1.377280e-02 -4.948782e-02  1.377280e-02 -7.669389e+00 
 1.378280e-02 -4.894194e-02  1.378280e-02 -7.617013e+00 
 1.379280e-02 -4.820292e-02  1.379280e-02 -7.544898e+00 
 1.380280e-02 -4.727366e-02  1.380280e-02 -7.452239e+00 
 1.381280e-02 -4.615783e-02  1.381280e-02 -7.338031e+00 
 1.382280e-02 -4.485984e-02  1.382280e-02 -7.201090e+00 
 1.383280e-02 -4.338480e-02  1.383280e-02 -7.040073e+00 
 1.384280e-02 -4.173855e-02  1.384280e-02 -6.853513e+00 
 1.385280e-02 -3.992757e-02  1.385280e-02 -6.639857e+00 
 1.386280e-02 -3.795902e-02  1.386280e-02 -6.397530e+00 
 1.387280e-02 -3.584066e-02  1.387280e-02 -6.124995e+00 
 1.388280e-02 -3.358086e-02  1.388280e-02 -5.820851e+00 
 1.389280e-02 -3.118852e-02  1.389280e-02 -5.483924e+00 
 1.390280e-02 -2.867310e-02  1.390280e-02 -5.113386e+00 
 1.391280e-02 -2.604452e-02  1.391280e-02 -4.708872e+00 
 1.392280e-02 -2.331316e-02  1.392280e-02 -4.270606e+00 
 1.393280e-02 -2.048978e-02  1.393280e-02 -3.799504e+00 
 1.394280e-02 -1.758555e-02  1.394280e-02 -3.297274e+00 
 1.395280e-02 -1.461191e-02  1.395280e-02 -2.766469e+00 
 1.396280e-02 -1.158060e-02  1.396280e-02 -2.210507e+00 
 1.397280e-02 -8.503595e-03  1.397280e-02 -1.633628e+00 
 1.398280e-02 -5.393027e-03  1.398280e-02 -1.040811e+00 
 1.399280e-02 -2.261175e-03  1.399280e-02 -4.376188e-01 
 1.400280e-02  8.796006e-04  1.400280e-02  1.699865e-01 
 1.401280e-02  4.016905e-03  1.401280e-02  7.758732e-01 
 1.402280e-02  7.138357e-03  1.402280e-02  1.373976e+00 
 1.403280e-02  1.023164e-02  1.403280e-02  1.958529e+00 
 1.404280e-02  1.328454e-02  1.404280e-02  2.524277e+00 
 1.405280e-02  1.628501e-02  1.405280e-02  3.066638e+00 
 1.406280e-02  1.922121e-02  1.406280e-02  3.581826e+00 
 1.407280e-02  2.208156e-02  1.407280e-02  4.066904e+00 
 1.408280e-02  2.485476e-02  1.408280e-02  4.519799e+00 
 1.409280e-02  2.752987e-02  1.409280e-02  4.939254e+00 
 1.410280e-02  3.009633e-02  1.410280e-02  5.324752e+00 
 1.411280e-02  3.254401e-02  1.411280e-02  5.676416e+00 
 1.412280e-02  3.486326e-02  1.412280e-02  5.994883e+00 
 1.413280e-02  3.704492e-02  1.413280e-02  6.281189e+00 
 1.414280e-02  3.908038e-02  1.414280e-02  6.536648e+00 
 1.415280e-02  4.096161e-02  1.415280e-02  6.762749e+00 
 1.416280e-02  4.268118e-02  1.416280e-02  6.961060e+00 
 1.417280e-02  4.423230e-02  1.417280e-02  7.133150e+00 
 1.418280e-02  4.560887e-02  1.418280e-02  7.280532e+00 
 1.419280e-02  4.680543e-02  1.419280e-02  7.404607e+00 
 1.420280e-02  4.781728e-02  1.420280e-02  7.506632e+00 
 1.421280e-02  4.864041e-02  1.421280e-02  7.587693e+00 
 1.422280e-02  4.927158e-02  1.422280e-02  7.648685e+00 
 1.423280e-02  4.970830e-02  1.423280e-02  7.690301e+00 
 1.424280e-02  4.994884e-02  1.424280e-02  7.713022e+00 
 1.425280e-02  4.999226e-02  1.425280e-02  7.717115e+00 
 1.426280e-02  4.983838e-02  1.426280e-02  7.702627e+00 
 1.427280e-02  4.948782e-02  1.427280e-02  7.669389e+00 
 1.428280e-02  4.894194e-02  1.428280e-02  7.617013e+00 
 1.429280e-02  4.820292e-02  1.429280e-02  7.544899e+00 
 1.430280e-02  4.727366e-02  1.430280e-02  7.452239e+00 
 1.431280e-02  4.615783e-02  1.431280e-02  7.338031e+00 
 1.432280e-02  4.485984e-02  1.432280e-02  7.201089e+00 
 1.433280e-02  4.338480e-02  1.433280e-02  7.040073e+00 
 1.434280e-02  4.173855e-02  1.434280e-02  6.853512e+00 
 1.435280e-02  3.992757e-02  1.435280e-02  6.639858e+00 
 1.436280e-02  3.795902e-02  1.436280e-02  6.397530e+00 
 1.437280e-02  3.584066e-02  1.437280e-02  6.124996e+00 
 1.438280e-02  3.358086e-02  1.438280e-02  5.820851e+00 
 1.439280e-02  3.118852e-02  1.439280e-02  5.483924e+00 
 1.440280e-02  2.867310e-02  1.440280e-02  5.113386e+00 
 1.441280e-02  2.604452e-02  1.441280e-02  4.708872e+00 
 1.442280e-02  2.331316e-02  1.442280e-02  4.270606e+00 
 1.443280e-02  2.048978e-02  1.443280e-02  3.799504e+00 
 1.444280e-02  1.758555e-02  1.444280e-02  3.297274e+00 
 1.445280e-02  1.461191e-02  1.445280e-02  2.766469e+00 
 1.446280e-02  1.158060e-02  1.446280e-02  2.210507e+00 
 1.447280e-02  8.503595e-03  1.447280e-02  1.633628e+00 
 1.448280e-02  5.393027e-03  1.448280e-02  1.040811e+00 
 1.449280e-02  2.261175e-03  1.449280e-02  4.376188e-01 
 1.450280e-02 -8.796006e-04  1.450280e-02 -1.699866e-01 
 1.451280e-02 -4.016905e-03  1.451280e-02 -7.758731e-01 
 1.452280e-02 -7.138357e-03  1.452280e-02 -1.373976e+00 
 1.453280e-02 -1.023164e-02  1.453280e-02 -1.958529e+00 
 1.454280e-02 -1.328454e-02  1.454280e-02 -2.524277e+00 
 1.455280e-02 -1.628501e-02  1.455280e-02 -3.066638e+00 
 1.456280e-02 -1.922121e-02  1.456280e-02 -3.581826e+00 
 1.457280e-02 -2.208156e-02  1.457280e-02 -4.066904e+00 
 1.458280e-02 -2.485476e-02  1.458280e-02 -4.519799e+00 
 1.459280e-02 -2.752987e-02  1.459280e-02 -4.939254e+00 
 1.460280e-02 -3.009633e-02  1.460280e-02 -5.324753e+00 
 1.461280e-02 -3.254401e-02  1.461280e-02 -5.676416e+00 
 1.462280e-02 -3.486326e-02  1.462280e-02 -5.994883e+00 
 1.463280e-02 -3.704492e-02  1.463280e-02 -6.281189e+00 
 1.464280e-02 -3.908038e-02  1.464280e-02 -6.536648e+00 
 1.465280e-02 -4.096161e-02  1.465280e-02 -6.762749e+00 
 1.466280e-02 -4.268118e-02  1.466280e-02 -6.961060e+00 
 1.467280e-02 -4.423230e-02  1.467280e-02 -7.133150e+00 
 1.468280e-02 -4.560887e-02  1.468280e-02 -7.280532e+00 
 1.469280e-02 -4.680543e-02  1.469280e-02 -7.404607e+00 
 1.470280e-02 -4.781728e-02  1.470280e-02 -7.506632e+00 
 1.471280e-02 -4.864041e-02  1.471280e-02 -7.587693e+00 
 1.472280e-02 -4.927158e-02  1.472280e-02 -7.648685e+00 
 1.473280e-02 -4.970830e-02  1.473280e-02 -7.690301e+00 
 1.474280e-02 -4.994884e-02  1.474280e-02 -7.713023e+00 
 1.475280e-02 -4.999226e-02  1.475280e-02 -7.717115e+00 
 1.476280e-02 -4.983838e-02  1.476280e-02 -7.702627e+00 
 1.477280e-02 -4.948782e-02  1.477280e-02 -7.669389e+00 
 1.478280e-02 -4.894194e-02  1.478280e-02 -7.617013e+00 
 1.479280e-02 -4.820292e-02  1.479280e-02 -7.544898e+00 
 1.480280e-02 -4.727366e-02  1.480280e-02 -7.452239e+00 
 1.481280e-02 -4.615783e-02  1.481280e-02 -7.338031e+00 
 1.482280e-02 -4.485984e-02  1.482280e-02 -7.201090e+00 
 1.483280e-02 -4.338480e-02  1.483280e-02 -7.040073e+00 
 1.484280e-02 -4.173855e-02  1.484280e-02 -6.853513e+00 
 1.485280e-02 -3.992757e-02  1.485280e-02 -6.639857e+00 
 1.486280e-02 -3.795902e-02  1.486280e-02 -6.397530e+00 
 1.487280e-02 -3.584066e-02  1.487280e-02 -6.124995e+00 
 1.488280e-02 -3.358086e-02  1.488280e-02 -5.820851e+00 
 1.489280e-02 -3.118852e-02  1.489280e-02 -5.483924e+00 
 1.490280e-02 -2.867310e-02  1.490280e-02 -5.113386e+00 
 1.491280e-02 -2.604452e-02  1.491280e-02 -4.708872e+00 
 1.492280e-02 -2.331316e-02  1.492280e-02 -4.270606e+00 
 1.493280e-02 -2.048978e-02  1.493280e-02 -3.799504e+00 
 1.494280e-02 -1.758555e-02  1.494280e-02 -3.297274e+00 
 1.495280e-02 -1.461191e-02  1.495280e-02 -2.766469e+00 
 1.496280e-02 -1.158060e-02  1.496280e-02 -2.210507e+00 
 1.497280e-02 -8.503595e-03  1.497280e-02 -1.633628e+00 
 1.498280e-02 -5.393027e-03  1.498280e-02 -1.040811e+00 
 1.499280e-02 -2.261175e-03  1.499280e-02 -4.376188e-01 
 1.500280e-02  8.796006e-04  1.500280e-02  1.699865e-01 
 1.501280e-02  4.016905e-03  1.501280e-02  7.758732e-01 
 1.502280e-02  7.138357e-03  1.502280e-02  1.373976e+00 
 1.503280e-02  1.023164e-02  1.503280e-02  1.958529e+00 
 1.504280e-02  1.328454e-02  1.504280e-02  2.524277e+00 
 1.505280e-02  1.628501e-02  1.505280e-02  3.066638e+00 
 1.506280e-02  1.922121e-02  1.506280e-02  3.581826e+00 
 1.507280e-02  2.208156e-02  1.507280e-02  4.066904e+00 
 1.508280e-02  2.485476e-02  1.508280e-02  4.519799e+00 
 1.509280e-02  2.752987e-02  1.509280e-02  4.939254e+00 
 1.510280e-02  3.009633e-02  1.510280e-02  5.324752e+00 
 1.511280e-02  3.254401e-02  1.511280e-02  5.676416e+00 
 1.512280e-02  3.486326e-02  1.512280e-02  5.994883e+00 
 1.513280e-02  3.704492e-02  1.513280e-02  6.281189e+00 
 1.514280e-02  3.908038e-02  1.514280e-02  6.536648e+00 
 1.515280e-02  4.096161e-02  1.515280e-02  6.762749e+00 
 1.516280e-02  4.268118e-02  1.516280e-02  6.961060e+00 
 1.517280e-02  4.423230e-02  1.517280e-02  7.133150e+00 
 1.518280e-02  4.560887e-02  1.518280e-02  7.280532e+00 
 1.519280e-02  4.680543e-02  1.519280e-02  7.404607e+00 
 1.520280e-02  4.781728e-02  1.520280e-02  7.506632e+00 
 1.521280e-02  4.864041e-02  1.521280e-02  7.587693e+00 
 1.522280e-02  4.927158e-02  1.522280e-02  7.648685e+00 
 1.523280e-02  4.970830e-02  1.523280e-02  7.690301e+00 
 1.524280e-02  4.994884e-02  1.524280e-02  7.713022e+00 
 1.525280e-02  4.999226e-02  1.525280e-02  7.717115e+00 
 1.526280e-02  4.983838e-02  1.526280e-02  7.702627e+00 
 1.527280e-02  4.948782e-02  1.527280e-02  7.669389e+00 
 1.528280e-02  4.894194e-02  1.528280e-02  7.617013e+00 
 1.529280e-02  4.820292e-02  1.529280e-02  7.544899e+00 
 1.530280e-02  4.727366e-02  1.530280e-02  7.452239e+00 
 1.531280e-02  4.615783e-02  1.531280e-02  7.338031e+00 
 1.532280e-02  4.485984e-02  1.532280e-02  7.201089e+00 
 1.533280e-02  4.338480e-02  1.533280e-02  7.040073e+00 
 1.534280e-02  4.173855e-02  1.534280e-02  6.853513e+00 
 1.535280e-02  3.992757e-02  1.535280e-02  6.639858e+00 
 1.536280e-02  3.795902e-02  1.536280e-02  6.397530e+00 
 1.537280e-02  3.584066e-02  1.537280e-02  6.124996e+00 
 1.538280e-02  3.358086e-02  1.538280e-02  5.820851e+00 
 1.539280e-02  3.118852e-02  1.539280e-02  5.483924e+00 
 1.540280e-02  2.867310e-02  1.540280e-02  5.113386e+00 
 1.541280e-02  2.604452e-02  1.541280e-02  4.708872e+00 
 1.542280e-02  2.331316e-02  1.542280e-02  4.270606e+00 
 1.543280e-02  2.048978e-02  1.543280e-02  3.799504e+00 
 1.544280e-02  1.758555e-02  1.544280e-02  3.297274e+00 
 1.545280e-02  1.461191e-02  1.545280e-02  2.766469e+00 
 1.546280e-02  1.158060e-02  1.546280e-02  2.210507e+00 
 1.547280e-02  8.503595e-03  1.547280e-02  1.633628e+00 
 1.548280e-02  5.393027e-03  1.548280e-02  1.040811e+00 
 1.549280e-02  2.261175e-03  1.549280e-02  4.376188e-01 
 1.550280e-02 -8.796006e-04  1.550280e-02 -1.699866e-01 
 1.551280e-02 -4.016905e-03  1.551280e-02 -7.758731e-01 
 1.552280e-02 -7.138357e-03  1.552280e-02 -1.373976e+00 
 1.553280e-02 -1.023164e-02  1.553280e-02 -1.958529e+00 
 1.554280e-02 -1.328454e-02  1.554280e-02 -2.524277e+00 
 1.555280e-02 -1.628501e-02  1.555280e-02 -3.066638e+00 
 1.556280e-02 -1.922121e-02  1.556280e-02 -3.581826e+00 
 1.557280e-02 -2.208156e-02  1.557280e-02 -4.066904e+00 
 1.558280e-02 -2.485476e-02  1.558280e-02 -4.519799e+00 
 1.559280e-02 -2.752987e-02  1.559280e-02 -4.939254e+00 
 1.560280e-02 -3.009633e-02  1.560280e-02 -5.324753e+00 
 1.561280e-02 -3.254401e-02  1.561280e-02 -5.676416e+00 
 1.562280e-02 -3.486326e-02  1.562280e-02 -5.994883e+00 
 1.563280e-02 -3.704492e-02  1.563280e-02 -6.281189e+00 
 1.564280e-02 -3.908038e-02  1.564280e-02 -6.536648e+00 
 1.565280e-02 -4.096161e-02  1.565280e-02 -6.762749e+00 
 1.566280e-02 -4.268118e-02  1.566280e-02 -6.961060e+00 
 1.567280e-02 -4.423230e-02  1.567280e-02 -7.133150e+00 
 1.568280e-02 -4.560887e-02  1.568280e-02 -7.280532e+00 
 1.569280e-02 -4.680543e-02  1.569280e-02 -7.404607e+00 
 1.570280e-02 -4.781728e-02  1.570280e-02 -7.506632e+00 
 1.571280e-02 -4.864041e-02  1.571280e-02 -7.587693e+00 
 1.572280e-02 -4.927158e-02  1.572280e-02 -7.648685e+00 
 1.573280e-02 -4.970830e-02  1.573280e-02 -7.690301e+00 
 1.574280e-02 -4.994884e-02  1.574280e-02 -7.713023e+00 
 1.575280e-02 -4.999226e-02  1.575280e-02 -7.717115e+00 
 1.576280e-02 -4.983838e-02  1.576280e-02 -7.702627e+00 
 1.577280e-02 -4.948782e-02  1.577280e-02 -7.669389e+00 
 1.578280e-02 -4.894194e-02  1.578280e-02 -7.617013e+00 
 1.579280e-02 -4.820292e-02  1.579280e-02 -7.544898e+00 
 1.580280e-02 -4.727366e-02  1.580280e-02 -7.452239e+00 
 1.581280e-02 -4.615783e-02  1.581280e-02 -7.338031e+00 
 1.582280e-02 -4.485984e-02  1.582280e-02 -7.201090e+00 
 1.583280e-02 -4.338480e-02  1.583280e-02 -7.040073e+00 
 1.584280e-02 -4.173855e-02  1.584280e-02 -6.853513e+00 
 1.585280e-02 -3.992757e-02  1.585280e-02 -6.639857e+00 
 1.586280e-02 -3.795902e-02  1.586280e-02 -6.397530e+00 
 1.587280e-02 -3.584066e-02  1.587280e-02 -6.124995e+00 
 1.588280e-02 -3.358086e-02  1.588280e-02 -5.820851e+00 
 1.589280e-02 -3.118852e-02  1.589280e-02 -5.483924e+00 
 1.590280e-02 -2.867310e-02  1.590280e-02 -5.113386e+00 
 1.591280e-02 -2.604452e-02  1.591280e-02 -4.708872e+00 
 1.592280e-02 -2.331316e-02  1.592280e-02 -4.270606e+00 
 1.593280e-02 -2.048978e-02  1.593280e-02 -3.799504e+00 
 1.594280e-02 -1.758555e-02  1.594280e-02 -3.297274e+00 
 1.595280e-02 -1.461191e-02  1.595280e-02 -2.766469e+00 
 1.596280e-02 -1.158060e-02  1.596280e-02 -2.210507e+00 
 1.597280e-02 -8.503595e-03  1.597280e-02 -1.633628e+00 
 1.598280e-02 -5.393027e-03  1.598280e-02 -1.040811e+00 
 1.599280e-02 -2.261175e-03  1.599280e-02 -4.376188e-01 
 1.600280e-02  8.796006e-04  1.600280e-02  1.699865e-01 
 1.601280e-02  4.016905e-03  1.601280e-02  7.758732e-01 
 1.602280e-02  7.138357e-03  1.602280e-02  1.373976e+00 
 1.603280e-02  1.023164e-02  1.603280e-02  1.958529e+00 
 1.604280e-02  1.328454e-02  1.604280e-02  2.524277e+00 
 1.605280e-02  1.628501e-02  1.605280e-02  3.066638e+00 
 1.606280e-02  1.922121e-02  1.606280e-02  3.581826e+00 
 1.607280e-02  2.208156e-02  1.607280e-02  4.066904e+00 
 1.608280e-02  2.485476e-02  1.608280e-02  4.519799e+00 
 1.609280e-02  2.752987e-02  1.609280e-02  4.939254e+00 
 1.610280e-02  3.009633e-02  1.610280e-02  5.324752e+00 
 1.611280e-02  3.254401e-02  1.611280e-02  5.676416e+00 
 1.612280e-02  3.486326e-02  1.612280e-02  5.994883e+00 
 1.613280e-02  3.704492e-02  1.613280e-02  6.281189e+00 
 1.614280e-02  3.908038e-02  1.614280e-02  6.536648e+00 
 1.615280e-02  4.096161e-02  1.615280e-02  6.762749e+00 
 1.616280e-02  4.268118e-02  1.616280e-02  6.961060e+00 
 1.617280e-02  4.423230e-02  1.617280e-02  7.133150e+00 
 1.618280e-02  4.560887e-02  1.618280e-02  7.280532e+00 
 1.619280e-02  4.680543e-02  1.619280e-02  7.404607e+00 
 1.620280e-02  4.781728e-02  1.620280e-02  7.506632e+00 
 1.621280e-02  4.864041e-02  1.621280e-02  7.587693e+00 
 1.622280e-02  4.927158e-02  1.622280e-02  7.648685e+00 
 1.623280e-02  4.970830e-02  1.623280e-02  7.690301e+00 
 1.624280e-02  4.994884e-02  1.624280e-02  7.713022e+00 
 1.625280e-02  4.999226e-02  1.625280e-02  7.717115e+00 
 1.626280e-02  4.983838e-02  1.626280e-02  7.702627e+00 
 1.627280e-02  4.948782e-02  1.627280e-02  7.669389e+00 
 1.628280e-02  4.894194e-02  1.628280e-02  7.617013e+00 
 1.629280e-02  4.820292e-02  1.629280e-02  7.544899e+00 
 1.630280e-02  4.727366e-02  1.630280e-02  7.452239e+00 
 1.631280e-02  4.615783e-02  1.631280e-02  7.338031e+00 
 1.632280e-02  4.485984e-02  1.632280e-02  7.201089e+00 
 1.633280e-02  4.338480e-02  1.633280e-02  7.040073e+00 
 1.634280e-02  4.173855e-02  1.634280e-02  6.853513e+00 
 1.635280e-02  3.992757e-02  1.635280e-02  6.639858e+00 
 1.636280e-02  3.795902e-02  1.636280e-02  6.397530e+00 
 1.637280e-02  3.584066e-02  1.637280e-02  6.124996e+00 
 1.638280e-02  3.358086e-02  1.638280e-02  5.820851e+00 
 1.639280e-02  3.118852e-02  1.639280e-02  5.483924e+00 
 1.640280e-02  2.867310e-02  1.640280e-02  5.113386e+00 
 1.641280e-02  2.604452e-02  1.641280e-02  4.708872e+00 
 1.642280e-02  2.331316e-02  1.642280e-02  4.270606e+00 
 1.643280e-02  2.048978e-02  1.643280e-02  3.799504e+00 
 1.644280e-02  1.758555e-02  1.644280e-02  3.297274e+00 
 1.645280e-02  1.461191e-02  1.645280e-02  2.766469e+00 
 1.646280e-02  1.158060e-02  1.646280e-02  2.210507e+00 
 1.647280e-02  8.503595e-03  1.647280e-02  1.633628e+00 
 1.648280e-02  5.393027e-03  1.648280e-02  1.040811e+00 
 1.649280e-02  2.261175e-03  1.649280e-02  4.376188e-01 
 1.650280e-02 -8.796006e-04  1.650280e-02 -1.699866e-01 
 1.651280e-02 -4.016905e-03  1.651280e-02 -7.758731e-01 
 1.652280e-02 -7.138357e-03  1.652280e-02 -1.373976e+00 
 1.653280e-02 -1.023164e-02  1.653280e-02 -1.958529e+00 
 1.654280e-02 -1.328454e-02  1.654280e-02 -2.524277e+00 
 1.655280e-02 -1.628501e-02  1.655280e-02 -3.066638e+00 
 1.656280e-02 -1.922121e-02  1.656280e-02 -3.581826e+00 
 1.657280e-02 -2.208156e-02  1.657280e-02 -4.066904e+00 
 1.658280e-02 -2.485476e-02  1.658280e-02 -4.519799e+00 
 1.659280e-02 -2.752987e-02  1.659280e-02 -4.939254e+00 
 1.660280e-02 -3.009633e-02  1.660280e-02 -5.324753e+00 
 1.661280e-02 -3.254401e-02  1.661280e-02 -5.676416e+00 
 1.662280e-02 -3.486326e-02  1.662280e-02 -5.994883e+00 
 1.663280e-02 -3.704492e-02  1.663280e-02 -6.281189e+00 
 1.664280e-02 -3.908038e-02  1.664280e-02 -6.536648e+00 
 1.665280e-02 -4.096161e-02  1.665280e-02 -6.762749e+00 
 1.666280e-02 -4.268118e-02  1.666280e-02 -6.961060e+00 
 1.667280e-02 -4.423230e-02  1.667280e-02 -7.133150e+00 
 1.668280e-02 -4.560887e-02  1.668280e-02 -7.280532e+00 
 1.669280e-02 -4.680543e-02  1.669280e-02 -7.404607e+00 
 1.670280e-02 -4.781728e-02  1.670280e-02 -7.506632e+00 
 1.671280e-02 -4.864041e-02  1.671280e-02 -7.587693e+00 
 1.672280e-02 -4.927158e-02  1.672280e-02 -7.648685e+00 
 1.673280e-02 -4.970830e-02  1.673280e-02 -7.690301e+00 
 1.674280e-02 -4.994884e-02  1.674280e-02 -7.713022e+00 
 1.675280e-02 -4.999226e-02  1.675280e-02 -7.717115e+00 
 1.676280e-02 -4.983838e-02  1.676280e-02 -7.702627e+00 
 1.677280e-02 -4.948782e-02  1.677280e-02 -7.669389e+00 
 1.678280e-02 -4.894194e-02  1.678280e-02 -7.617013e+00 
 1.679280e-02 -4.820292e-02  1.679280e-02 -7.544898e+00 
 1.680280e-02 -4.727366e-02  1.680280e-02 -7.452239e+00 
 1.681280e-02 -4.615783e-02  1.681280e-02 -7.338031e+00 
 1.682280e-02 -4.485984e-02  1.682280e-02 -7.201090e+00 
 1.683280e-02 -4.338480e-02  1.683280e-02 -7.040073e+00 
 1.684280e-02 -4.173855e-02  1.684280e-02 -6.853513e+00 
 1.685280e-02 -3.992757e-02  1.685280e-02 -6.639857e+00 
 1.686280e-02 -3.795902e-02  1.686280e-02 -6.397530e+00 
 1.687280e-02 -3.584066e-02  1.687280e-02 -6.124995e+00 
 1.688280e-02 -3.358086e-02  1.688280e-02 -5.820851e+00 
 1.689280e-02 -3.118852e-02  1.689280e-02 -5.483924e+00 
 1.690280e-02 -2.867310e-02  1.690280e-02 -5.113386e+00 
 1.691280e-02 -2.604452e-02  1.691280e-02 -4.708872e+00 
 1.692280e-02 -2.331316e-02  1.692280e-02 -4.270606e+00 
 1.693280e-02 -2.048978e-02  1.693280e-02 -3.799504e+00 
 1.694280e-02 -1.758555e-02  1.694280e-02 -3.297274e+00 
 1.695280e-02 -1.461191e-02  1.695280e-02 -2.766469e+00 
 1.696280e-02 -1.158060e-02  1.696280e-02 -2.210507e+00 
 1.697280e-02 -8.503595e-03  1.697280e-02 -1.633628e+00 
 1.698280e-02 -5.393027e-03  1.698280e-02 -1.040811e+00 
 1.699280e-02 -2.261175e-03  1.699280e-02 -4.376188e-01 
 1.700280e-02  8.796006e-04  1.700280e-02  1.699866e-01 
 1.701280e-02  4.016905e-03  1.701280e-02  7.758732e-01 
 1.702280e-02  7.138357e-03  1.702280e-02  1.373976e+00 
 1.703280e-02  1.023164e-02  1.703280e-02  1.958529e+00 
 1.704280e-02  1.328454e-02  1.704280e-02  2.524277e+00 
 1.705280e-02  1.628501e-02  1.705280e-02  3.066638e+00 
 1.706280e-02  1.922121e-02  1.706280e-02  3.581826e+00 
 1.707280e-02  2.208156e-02  1.707280e-02  4.066904e+00 
 1.708280e-02  2.485476e-02  1.708280e-02  4.519799e+00 
 1.709280e-02  2.752987e-02  1.709280e-02  4.939254e+00 
 1.710280e-02  3.009633e-02  1.710280e-02  5.324752e+00 
 1.711280e-02  3.254401e-02  1.711280e-02  5.676416e+00 
 1.712280e-02  3.486326e-02  1.712280e-02  5.994883e+00 
 1.713280e-02  3.704492e-02  1.713280e-02  6.281189e+00 
 1.714280e-02  3.908038e-02  1.714280e-02  6.536648e+00 
 1.715280e-02  4.096161e-02  1.715280e-02  6.762749e+00 
 1.716280e-02  4.268118e-02  1.716280e-02  6.961060e+00 
 1.717280e-02  4.423230e-02  1.717280e-02  7.133150e+00 
 1.718280e-02  4.560887e-02  1.718280e-02  7.280532e+00 
 1.719280e-02  4.680543e-02  1.719280e-02  7.404607e+00 
 1.720280e-02  4.781728e-02  1.720280e-02  7.506632e+00 
 1.721280e-02  4.864041e-02  1.721280e-02  7.587693e+00 
 1.722280e-02  4.927158e-02  1.722280e-02  7.648685e+00 
 1.723280e-02  4.970830e-02  1.723280e-02  7.690301e+00 
 1.724280e-02  4.994884e-02  1.724280e-02  7.713022e+00 
 1.725280e-02  4.999226e-02  1.725280e-02  7.717115e+00 
 1.726280e-02  4.983838e-02  1.726280e-02  7.702627e+00 
 1.727280e-02  4.948782e-02  1.727280e-02  7.669389e+00 
 1.728280e-02  4.894194e-02  1.728280e-02  7.617013e+00 
 1.729280e-02  4.820292e-02  1.729280e-02  7.544899e+00 
 1.730280e-02  4.727366e-02  1.730280e-02  7.452239e+00 
 1.731280e-02  4.615783e-02  1.731280e-02  7.338031e+00 
 1.732280e-02  4.485984e-02  1.732280e-02  7.201089e+00 
 1.733280e-02  4.338480e-02  1.733280e-02  7.040073e+00 
 1.734280e-02  4.173855e-02  1.734280e-02  6.853513e+00 
 1.735280e-02  3.992757e-02  1.735280e-02  6.639858e+00 
 1.736280e-02  3.795902e-02  1.736280e-02  6.397530e+00 
 1.737280e-02  3.584066e-02  1.737280e-02  6.124996e+00 
 1.738280e-02  3.358086e-02  1.738280e-02  5.820851e+00 
 1.739280e-02  3.118852e-02  1.739280e-02  5.483924e+00 
 1.740280e-02  2.867310e-02  1.740280e-02  5.113386e+00 
 1.741280e-02  2.604452e-02  1.741280e-02  4.708872e+00 
 1.742280e-02  2.331316e-02  1.742280e-02  4.270606e+00 
 1.743280e-02  2.048978e-02  1.743280e-02  3.799504e+00 
 1.744280e-02  1.758555e-02  1.744280e-02  3.297274e+00 
 1.745280e-02  1.461191e-02  1.745280e-02  2.766469e+00 
 1.746280e-02  1.158060e-02  1.746280e-02  2.210507e+00 
 1.747280e-02  8.503595e-03  1.747280e-02  1.633628e+00 
 1.748280e-02  5.393027e-03  1.748280e-02  1.040811e+00 
 1.749280e-02  2.261175e-03  1.749280e-02  4.376188e-01 
 1.750280e-02 -8.796006e-04  1.750280e-02 -1.699866e-01 
 1.751280e-02 -4.016905e-03  1.751280e-02 -7.758731e-01 
 1.752280e-02 -7.138357e-03  1.752280e-02 -1.373976e+00 
 1.753280e-02 -1.023164e-02  1.753280e-02 -1.958529e+00 
 1.754280e-02 -1.328454e-02  1.754280e-02 -2.524277e+00 
 1.755280e-02 -1.628501e-02  1.755280e-02 -3.066638e+00 
 1.756280e-02 -1.922121e-02  1.756280e-02 -3.581826e+00 
 1.757280e-02 -2.208156e-02  1.757280e-02 -4.066904e+00 
 1.758280e-02 -2.485476e-02  1.758280e-02 -4.519799e+00 
 1.759280e-02 -2.752987e-02  1.759280e-02 -4.939254e+00 
 1.760280e-02 -3.009633e-02  1.760280e-02 -5.324752e+00 
 1.761280e-02 -3.254401e-02  1.761280e-02 -5.676416e+00 
 1.762280e-02 -3.486326e-02  1.762280e-02 -5.994883e+00 
 1.763280e-02 -3.704492e-02  1.763280e-02 -6.281189e+00 
 1.764280e-02 -3.908038e-02  1.764280e-02 -6.536648e+00 
 1.765280e-02 -4.096161e-02  1.765280e-02 -6.762749e+00 
 1.766280e-02 -4.268118e-02  1.766280e-02 -6.961060e+00 
 1.767280e-02 -4.423230e-02  1.767280e-02 -7.133150e+00 
 1.768280e-02 -4.560887e-02  1.768280e-02 -7.280532e+00 
 1.769280e-02 -4.680543e-02  1.769280e-02 -7.404607e+00 
 1.770280e-02 -4.781728e-02  1.770280e-02 -7.506632e+00 
 1.771280e-02 -4.864041e-02  1.771280e-02 -7.587693e+00 
 1.772280e-02 -4.927158e-02  1.772280e-02 -7.648685e+00 
 1.773280e-02 -4.970830e-02  1.773280e-02 -7.690301e+00 
 1.774280e-02 -4.994884e-02  1.774280e-02 -7.713022e+00 
 1.775280e-02 -4.999226e-02  1.775280e-02 -7.717115e+00 
 1.776280e-02 -4.983838e-02  1.776280e-02 -7.702627e+00 
 1.777280e-02 -4.948782e-02  1.777280e-02 -7.669389e+00 
 1.778280e-02 -4.894194e-02  1.778280e-02 -7.617013e+00 
 1.779280e-02 -4.820292e-02  1.779280e-02 -7.544898e+00 
 1.780280e-02 -4.727366e-02  1.780280e-02 -7.452239e+00 
 1.781280e-02 -4.615783e-02  1.781280e-02 -7.338031e+00 
 1.782280e-02 -4.485984e-02  1.782280e-02 -7.201090e+00 
 1.783280e-02 -4.338480e-02  1.783280e-02 -7.040073e+00 
 1.784280e-02 -4.173855e-02  1.784280e-02 -6.853513e+00 
 1.785280e-02 -3.992757e-02  1.785280e-02 -6.639858e+00 
 1.786280e-02 -3.795902e-02  1.786280e-02 -6.397530e+00 
 1.787280e-02 -3.584066e-02  1.787280e-02 -6.124996e+00 
 1.788280e-02 -3.358086e-02  1.788280e-02 -5.820851e+00 
 1.789280e-02 -3.118852e-02  1.789280e-02 -5.483924e+00 
 1.790280e-02 -2.867310e-02  1.790280e-02 -5.113386e+00 
 1.791280e-02 -2.604452e-02  1.791280e-02 -4.708872e+00 
 1.792280e-02 -2.331316e-02  1.792280e-02 -4.270606e+00 
 1.793280e-02 -2.048978e-02  1.793280e-02 -3.799504e+00 
 1.794280e-02 -1.758555e-02  1.794280e-02 -3.297274e+00 
 1.795280e-02 -1.461191e-02  1.795280e-02 -2.766469e+00 
 1.796280e-02 -1.158060e-02  1.796280e-02 -2.210507e+00 
 1.797280e-02 -8.503595e-03  1.797280e-02 -1.633628e+00 
 1.798280e-02 -5.393027e-03  1.798280e-02 -1.040811e+00 
 1.799280e-02 -2.261175e-03  1.799280e-02 -4.376188e-01 
 1.800280e-02  8.796006e-04  1.800280e-02  1.699866e-01 
 1.801280e-02  4.016905e-03  1.801280e-02  7.758732e-01 
 1.802280e-02  7.138357e-03  1.802280e-02  1.373976e+00 
 1.803280e-02  1.023164e-02  1.803280e-02  1.958529e+00 
 1.804280e-02  1.328454e-02  1.804280e-02  2.524277e+00 
 1.805280e-02  1.628501e-02  1.805280e-02  3.066638e+00 
 1.806280e-02  1.922121e-02  1.806280e-02  3.581826e+00 
 1.807280e-02  2.208156e-02  1.807280e-02  4.066904e+00 
 1.808280e-02  2.485476e-02  1.808280e-02  4.519799e+00 
 1.809280e-02  2.752987e-02  1.809280e-02  4.939254e+00 
 1.810280e-02  3.009633e-02  1.810280e-02  5.324752e+00 
 1.811280e-02  3.254401e-02  1.811280e-02  5.676416e+00 
 1.812280e-02  3.486326e-02  1.812280e-02  5.994883e+00 
 1.813280e-02  3.704492e-02  1.813280e-02  6.281189e+00 
 1.814280e-02  3.908038e-02  1.814280e-02  6.536648e+00 
 1.815280e-02  4.096161e-02  1.815280e-02  6.762749e+00 
 1.816280e-02  4.268118e-02  1.816280e-02  6.961060e+00 
 1.817280e-02  4.423230e-02  1.817280e-02  7.133150e+00 
 1.818280e-02  4.560887e-02  1.818280e-02  7.280532e+00 
 1.819280e-02  4.680543e-02  1.819280e-02  7.404607e+00 
 1.820280e-02  4.781728e-02  1.820280e-02  7.506632e+00 
 1.821280e-02  4.864041e-02  1.821280e-02  7.587693e+00 
 1.822280e-02  4.927158e-02  1.822280e-02  7.648685e+00 
 1.823280e-02  4.970830e-02  1.823280e-02  7.690301e+00 
 1.824280e-02  4.994884e-02  1.824280e-02  7.713022e+00 
 1.825280e-02  4.999226e-02  1.825280e-02  7.717115e+00 
 1.826280e-02  4.983838e-02  1.826280e-02  7.702627e+00 
 1.827280e-02  4.948782e-02  1.827280e-02  7.669389e+00 
 1.828280e-02  4.894194e-02  1.828280e-02  7.617013e+00 
 1.829280e-02  4.820292e-02  1.829280e-02  7.544899e+00 
 1.830280e-02  4.727366e-02  1.830280e-02  7.452239e+00 
 1.831280e-02  4.615783e-02  1.831280e-02  7.338031e+00 
 1.832280e-02  4.485984e-02  1.832280e-02  7.201089e+00 
 1.833280e-02  4.338480e-02  1.833280e-02  7.040073e+00 
 1.834280e-02  4.173855e-02  1.834280e-02  6.853513e+00 
 1.835280e-02  3.992757e-02  1.835280e-02  6.639858e+00 
 1.836280e-02  3.795902e-02  1.836280e-02  6.397530e+00 
 1.837280e-02  3.584066e-02  1.837280e-02  6.124996e+00 
 1.838280e-02  3.358086e-02  1.838280e-02  5.820851e+00 
 1.839280e-02  3.118852e-02  1.839280e-02  5.483924e+00 
 1.840280e-02  2.867310e-02  1.840280e-02  5.113386e+00 
 1.841280e-02  2.604452e-02  1.841280e-02  4.708872e+00 
 1.842280e-02  2.331316e-02  1.842280e-02  4.270606e+00 
 1.843280e-02  2.048978e-02  1.843280e-02  3.799504e+00 
 1.844280e-02  1.758555e-02  1.844280e-02  3.297274e+00 
 1.845280e-02  1.461191e-02  1.845280e-02  2.766469e+00 
 1.846280e-02  1.158060e-02  1.846280e-02  2.210507e+00 
 1.847280e-02  8.503595e-03  1.847280e-02  1.633628e+00 
 1.848280e-02  5.393027e-03  1.848280e-02  1.040811e+00 
 1.849280e-02  2.261175e-03  1.849280e-02  4.376188e-01 
 1.850280e-02 -8.796006e-04  1.850280e-02 -1.699866e-01 
 1.851280e-02 -4.016905e-03  1.851280e-02 -7.758732e-01 
 1.852280e-02 -7.138357e-03  1.852280e-02 -1.373976e+00 
 1.853280e-02 -1.023164e-02  1.853280e-02 -1.958529e+00 
 1.854280e-02 -1.328454e-02  1.854280e-02 -2.524277e+00 
 1.855280e-02 -1.628501e-02  1.855280e-02 -3.066638e+00 
 1.856280e-02 -1.922121e-02  1.856280e-02 -3.581826e+00 
 1.857280e-02 -2.208156e-02  1.857280e-02 -4.066904e+00 
 1.858280e-02 -2.485476e-02  1.858280e-02 -4.519799e+00 
 1.859280e-02 -2.752987e-02  1.859280e-02 -4.939254e+00 
 1.860280e-02 -3.009633e-02  1.860280e-02 -5.324752e+00 
 1.861280e-02 -3.254401e-02  1.861280e-02 -5.676416e+00 
 1.862280e-02 -3.486326e-02  1.862280e-02 -5.994883e+00 
 1.863280e-02 -3.704492e-02  1.863280e-02 -6.281189e+00 
 1.864280e-02 -3.908038e-02  1.864280e-02 -6.536648e+00 
 1.865280e-02 -4.096161e-02  1.865280e-02 -6.762749e+00 
 1.866280e-02 -4.268118e-02  1.866280e-02 -6.961060e+00 
 1.867280e-02 -4.423230e-02  1.867280e-02 -7.133150e+00 
 1.868280e-02 -4.560887e-02  1.868280e-02 -7.280532e+00 
 1.869280e-02 -4.680543e-02  1.869280e-02 -7.404607e+00 
 1.870280e-02 -4.781728e-02  1.870280e-02 -7.506632e+00 
 1.871280e-02 -4.864041e-02  1.871280e-02 -7.587693e+00 
 1.872280e-02 -4.927158e-02  1.872280e-02 -7.648685e+00 
 1.873280e-02 -4.970830e-02  1.873280e-02 -7.690301e+00 
 1.874280e-02 -4.994884e-02  1.874280e-02 -7.713022e+00 
 1.875280e-02 -4.999226e-02  1.875280e-02 -7.717115e+00 
 1.876280e-02 -4.983838e-02  1.876280e-02 -7.702627e+00 
 1.877280e-02 -4.948782e-02  1.877280e-02 -7.669389e+00 
 1.878280e-02 -4.894194e-02  1.878280e-02 -7.617013e+00 
 1.879280e-02 -4.820292e-02  1.879280e-02 -7.544898e+00 
 1.880280e-02 -4.727366e-02  1.880280e-02 -7.452239e+00 
 1.881280e-02 -4.615783e-02  1.881280e-02 -7.338031e+00 
 1.882280e-02 -4.485984e-02  1.882280e-02 -7.201089e+00 
 1.883280e-02 -4.338480e-02  1.883280e-02 -7.040073e+00 
 1.884280e-02 -4.173855e-02  1.884280e-02 -6.853513e+00 
 1.885280e-02 -3.992757e-02  1.885280e-02 -6.639858e+00 
 1.886280e-02 -3.795902e-02  1.886280e-02 -6.397530e+00 
 1.887280e-02 -3.584066e-02  1.887280e-02 -6.124996e+00 
 1.888280e-02 -3.358086e-02  1.888280e-02 -5.820851e+00 
 1.889280e-02 -3.118852e-02  1.889280e-02 -5.483924e+00 
 1.890280e-02 -2.867310e-02  1.890280e-02 -5.113386e+00 
 1.891280e-02 -2.604452e-02  1.891280e-02 -4.708872e+00 
 1.892280e-02 -2.331316e-02  1.892280e-02 -4.270606e+00 
 1.893280e-02 -2.048978e-02  1.893280e-02 -3.799504e+00 
 1.894280e-02 -1.758555e-02  1.894280e-02 -3.297274e+00 
 1.895280e-02 -1.461191e-02  1.895280e-02 -2.766469e+00 
 1.896280e-02 -1.158060e-02  1.896280e-02 -2.210507e+00 
 1.897280e-02 -8.503595e-03  1.897280e-02 -1.633628e+00 
 1.898280e-02 -5.393027e-03  1.898280e-02 -1.040811e+00 
 1.899280e-02 -2.261175e-03  1.899280e-02 -4.376188e-01 
 1.900280e-02  8.796006e-04  1.900280e-02  1.699866e-01 
 1.901280e-02  4.016905e-03  1.901280e-02  7.758732e-01 
 1.902280e-02  7.138357e-03  1.902280e-02  1.373976e+00 
 1.903280e-02  1.023164e-02  1.903280e-02  1.958529e+00 
 1.904280e-02  1.328454e-02  1.904280e-02  2.524277e+00 
 1.905280e-02  1.628501e-02  1.905280e-02  3.066638e+00 
 1.906280e-02  1.922121e-02  1.906280e-02  3.581826e+00 
 1.907280e-02  2.208156e-02  1.907280e-02  4.066904e+00 
 1.908280e-02  2.485476e-02  1.908280e-02  4.519799e+00 
 1.909280e-02  2.752987e-02  1.909280e-02  4.939254e+00 
 1.910280e-02  3.009633e-02  1.910280e-02  5.324752e+00 
 1.911280e-02  3.254401e-02  1.911280e-02  5.676416e+00 
 1.912280e-02  3.486326e-02  1.912280e-02  5.994883e+00 
 1.913280e-02  3.704492e-02  1.913280e-02  6.281189e+00 
 1.914280e-02  3.908038e-02  1.914280e-02  6.536648e+00 
 1.915280e-02  4.096161e-02  1.915280e-02  6.762749e+00 
 1.916280e-02  4.268118e-02  1.916280e-02  6.961060e+00 
 1.917280e-02  4.423230e-02  1.917280e-02  7.133150e+00 
 1.918280e-02  4.560887e-02  1.918280e-02  7.280532e+00 
 1.919280e-02  4.680543e-02  1.919280e-02  7.404607e+00 
 1.920280e-02  4.781728e-02  1.920280e-02  7.506632e+00 
 1.921280e-02  4.864041e-02  1.921280e-02  7.587693e+00 
 1.922280e-02  4.927158e-02  1.922280e-02  7.648685e+00 
 1.923280e-02  4.970830e-02  1.923280e-02  7.690301e+00 
 1.924280e-02  4.994884e-02  1.924280e-02  7.713022e+00 
 1.925280e-02  4.999226e-02  1.925280e-02  7.717115e+00 
 1.926280e-02  4.983838e-02  1.926280e-02  7.702627e+00 
 1.927280e-02  4.948782e-02  1.927280e-02  7.669389e+00 
 1.928280e-02  4.894194e-02  1.928280e-02  7.617013e+00 
 1.929280e-02  4.820292e-02  1.929280e-02  7.544899e+00 
 1.930280e-02  4.727366e-02  1.930280e-02  7.452239e+00 
 1.931280e-02  4.615783e-02  1.931280e-02  7.338031e+00 
 1.932280e-02  4.485984e-02  1.932280e-02  7.201089e+00 
 1.933280e-02  4.338480e-02  1.933280e-02  7.040073e+00 
 1.934280e-02  4.173855e-02  1.934280e-02  6.853513e+00 
 1.935280e-02  3.992757e-02  1.935280e-02  6.639858e+00 
 1.936280e-02  3.795902e-02  1.936280e-02  6.397530e+00 
 1.937280e-02  3.584066e-02  1.937280e-02  6.124996e+00 
 1.938280e-02  3.358086e-02  1.938280e-02  5.820851e+00 
 1.939280e-02  3.118852e-02  1.939280e-02  5.483924e+00 
 1.940280e-02  2.867310e-02  1.940280e-02  5.113386e+00 
 1.941280e-02  2.604452e-02  1.941280e-02  4.708872e+00 
 1.942280e-02  2.331316e-02  1.942280e-02  4.270606e+00 
 1.943280e-02  2.048978e-02  1.943280e-02  3.799504e+00 
 1.944280e-02  1.758555e-02  1.944280e-02  3.297274e+00 
 1.945280e-02  1.461191e-02  1.945280e-02  2.766469e+00 
 1.946280e-02  1.158060e-02  1.946280e-02  2.210507e+00 
 1.947280e-02  8.503595e-03  1.947280e-02  1.633628e+00 
 1.948280e-02  5.393027e-03  1.948280e-02  1.040811e+00 
 1.949280e-02  2.261175e-03  1.949280e-02  4.376188e-01 
 1.950280e-02 -8.796006e-04  1.950280e-02 -1.699866e-01 
 1.951280e-02 -4.016905e-03  1.951280e-02 -7.758732e-01 
 1.952280e-02 -7.138357e-03  1.952280e-02 -1.373976e+00 
 1.953280e-02 -1.023164e-02  1.953280e-02 -1.958529e+00 
 1.954280e-02 -1.328454e-02  1.954280e-02 -2.524277e+00 
 1.955280e-02 -1.628501e-02  1.955280e-02 -3.066638e+00 
 1.956280e-02 -1.922121e-02  1.956280e-02 -3.581826e+00 
 1.957280e-02 -2.208156e-02  1.957280e-02 -4.066904e+00 
 1.958280e-02 -2.485476e-02  1.958280e-02 -4.519799e+00 
 1.959280e-02 -2.752987e-02  1.959280e-02 -4.939254e+00 
 1.960280e-02 -3.009633e-02  1.960280e-02 -5.324752e+00 
 1.961280e-02 -3.254401e-02  1.961280e-02 -5.676416e+00 
 1.962280e-02 -3.486326e-02  1.962280e-02 -5.994883e+00 
 1.963280e-02 -3.704492e-02  1.963280e-02 -6.281189e+00 
 1.964280e-02 -3.908038e-02  1.964280e-02 -6.536648e+00 
 1.965280e-02 -4.096161e-02  1.965280e-02 -6.762749e+00 
 1.966280e-02 -4.268118e-02  1.966280e-02 -6.961060e+00 
 1.967280e-02 -4.423230e-02  1.967280e-02 -7.133150e+00 
 1.968280e-02 -4.560887e-02  1.968280e-02 -7.280532e+00 
 1.969280e-02 -4.680543e-02  1.969280e-02 -7.404607e+00 
 1.970280e-02 -4.781728e-02  1.970280e-02 -7.506632e+00 
 1.971280e-02 -4.864041e-02  1.971280e-02 -7.587693e+00 
 1.972280e-02 -4.927158e-02  1.972280e-02 -7.648685e+00 
 1.973280e-02 -4.970830e-02  1.973280e-02 -7.690301e+00 
 1.974280e-02 -4.994884e-02  1.974280e-02 -7.713022e+00 
 1.975280e-02 -4.999226e-02  1.975280e-02 -7.717115e+00 
 1.976280e-02 -4.983838e-02  1.976280e-02 -7.702627e+00 
 1.977280e-02 -4.948782e-02  1.977280e-02 -7.669389e+00 
 1.978280e-02 -4.894194e-02  1.978280e-02 -7.617013e+00 
 1.979280e-02 -4.820292e-02  1.979280e-02 -7.544898e+00 
 1.980280e-02 -4.727366e-02  1.980280e-02 -7.452239e+00 
 1.981280e-02 -4.615783e-02  1.981280e-02 -7.338031e+00 
 1.982280e-02 -4.485984e-02  1.982280e-02 -7.201089e+00 
 1.983280e-02 -4.338480e-02  1.983280e-02 -7.040073e+00 
 1.984280e-02 -4.173855e-02  1.984280e-02 -6.853513e+00 
 1.985280e-02 -3.992757e-02  1.985280e-02 -6.639858e+00 
 1.986280e-02 -3.795902e-02  1.986280e-02 -6.397530e+00 
 1.987280e-02 -3.584066e-02  1.987280e-02 -6.124996e+00 
 1.988280e-02 -3.358086e-02  1.988280e-02 -5.820851e+00 
 1.989280e-02 -3.118852e-02  1.989280e-02 -5.483924e+00 
 1.990280e-02 -2.867310e-02  1.990280e-02 -5.113386e+00 
 1.991280e-02 -2.604452e-02  1.991280e-02 -4.708872e+00 
 1.992280e-02 -2.331316e-02  1.992280e-02 -4.270606e+00 
 1.993280e-02 -2.048978e-02  1.993280e-02 -3.799504e+00 
 1.994280e-02 -1.758555e-02  1.994280e-02 -3.297274e+00 
 1.995280e-02 -1.461191e-02  1.995280e-02 -2.766469e+00 
 1.996280e-02 -1.158060e-02  1.996280e-02 -2.210507e+00 
 1.997280e-02 -8.503595e-03  1.997280e-02 -1.633628e+00 
 1.998280e-02 -5.393027e-03  1.998280e-02 -1.040811e+00 
 1.999280e-02 -2.261175e-03  1.999280e-02 -4.376188e-01 
 2.000000e-02 -2.449294e-16  2.000000e-02 -2.386302e-04 
