 1.500000e-01  1.000000e+00  1.500000e-01  1.722923e-01 
 1.500010e-01  8.000000e-01  1.500010e-01  1.652993e-01 
 1.500030e-01  4.000000e-01  1.500030e-01  1.509172e-01 
 1.500070e-01 -4.000000e-01  1.500070e-01  1.197874e-01 
 1.500100e-01 -1.000000e+00  1.500100e-01  9.438364e-02 
 1.500104e-01 -1.000000e+00  1.500104e-01  9.069119e-02 
 1.500113e-01 -1.000000e+00  1.500113e-01  8.330822e-02 
 1.500130e-01 -1.000000e+00  1.500130e-01  6.855476e-02 
 1.500153e-01 -1.000000e+00  1.500153e-01  4.830466e-02 
 1.500187e-01 -1.000000e+00  1.500187e-01  1.855991e-02 
 1.500239e-01 -1.000000e+00  1.500239e-01 -2.662748e-02 
 1.500318e-01 -1.000000e+00  1.500318e-01 -9.489417e-02 
 1.500418e-01 -1.000000e+00  1.500418e-01 -1.798378e-01 
 1.500518e-01 -1.000000e+00  1.500518e-01 -2.632121e-01 
 1.500618e-01 -1.000000e+00  1.500618e-01 -3.447078e-01 
 1.500718e-01 -1.000000e+00  1.500718e-01 -4.240266e-01 
 1.500818e-01 -1.000000e+00  1.500818e-01 -5.008814e-01 
 1.500918e-01 -1.000000e+00  1.500918e-01 -5.749978e-01 
 1.501018e-01 -1.000000e+00  1.501018e-01 -6.461148e-01 
 1.501118e-01 -1.000000e+00  1.501118e-01 -7.139860e-01 
 1.501218e-01 -1.000000e+00  1.501218e-01 -7.783798e-01 
 1.501318e-01 -1.000000e+00  1.501318e-01 -8.390809e-01 
 1.501418e-01 -1.000000e+00  1.501418e-01 -8.958905e-01 
 1.501518e-01 -1.000000e+00  1.501518e-01 -9.486270e-01 
 1.501618e-01 -1.000000e+00  1.501618e-01 -9.971264e-01 
 1.501718e-01 -1.000000e+00  1.501718e-01 -1.041243e+00 
 1.501818e-01 -1.000000e+00  1.501818e-01 -1.080850e+00 
 1.501918e-01 -1.000000e+00  1.501918e-01 -1.115839e+00 
 1.502018e-01 -1.000000e+00  1.502018e-01 -1.146121e+00 
 1.502118e-01 -1.000000e+00  1.502118e-01 -1.171627e+00 
 1.502218e-01 -1.000000e+00  1.502218e-01 -1.192305e+00 
 1.502318e-01 -1.000000e+00  1.502318e-01 -1.208124e+00 
 1.502418e-01 -1.000000e+00  1.502418e-01 -1.219074e+00 
 1.502518e-01 -1.000000e+00  1.502518e-01 -1.225160e+00 
 1.502618e-01 -1.000000e+00  1.502618e-01 -1.226410e+00 
 1.502718e-01 -1.000000e+00  1.502718e-01 -1.222868e+00 
 1.502818e-01 -1.000000e+00  1.502818e-01 -1.214596e+00 
 1.502918e-01 -1.000000e+00  1.502918e-01 -1.201677e+00 
 1.503018e-01 -1.000000e+00  1.503018e-01 -1.184207e+00 
 1.503118e-01 -1.000000e+00  1.503118e-01 -1.162301e+00 
 1.503218e-01 -1.000000e+00  1.503218e-01 -1.136091e+00 
 1.503318e-01 -1.000000e+00  1.503318e-01 -1.105723e+00 
 1.503418e-01 -1.000000e+00  1.503418e-01 -1.071357e+00 
 1.503518e-01 -1.000000e+00  1.503518e-01 -1.033170e+00 
 1.503618e-01 -1.000000e+00  1.503618e-01 -9.913479e-01 
 1.503718e-01 -1.000000e+00  1.503718e-01 -9.460924e-01 
 1.503818e-01 -1.000000e+00  1.503818e-01 -8.976149e-01 
 1.503918e-01 -1.000000e+00  1.503918e-01 -8.461375e-01 
 1.504018e-01 -1.000000e+00  1.504018e-01 -7.918915e-01 
 1.504118e-01 -1.000000e+00  1.504118e-01 -7.351170e-01 
 1.504218e-01 -1.000000e+00  1.504218e-01 -6.760612e-01 
 1.504318e-01 -1.000000e+00  1.504318e-01 -6.149779e-01 
 1.504418e-01 -1.000000e+00  1.504418e-01 -5.521259e-01 
 1.504518e-01 -1.000000e+00  1.504518e-01 -4.877685e-01 
 1.504618e-01 -1.000000e+00  1.504618e-01 -4.221720e-01 
 1.504718e-01 -1.000000e+00  1.504718e-01 -3.556051e-01 
 1.504818e-01 -1.000000e+00  1.504818e-01 -2.883371e-01 
 1.504918e-01 -1.000000e+00  1.504918e-01 -2.206376e-01 
 1.505018e-01 -1.000000e+00  1.505018e-01 -1.527750e-01 
 1.505100e-01 -1.000000e+00  1.505100e-01 -9.731744e-02 
 1.505110e-01 -8.000000e-01  1.505110e-01 -9.035142e-02 
 1.505130e-01 -4.000000e-01  1.505130e-01 -7.602911e-02 
 1.505170e-01  4.000000e-01  1.505170e-01 -4.505455e-02 
 1.505200e-01  1.000000e+00  1.505200e-01 -1.979819e-02 
 1.505204e-01  1.000000e+00  1.505204e-01 -1.614656e-02 
 1.505213e-01  1.000000e+00  1.505213e-01 -8.846244e-03 
 1.505229e-01  1.000000e+00  1.505229e-01  5.735870e-03 
 1.505252e-01  1.000000e+00  1.505252e-01  2.568786e-02 
 1.505286e-01  1.000000e+00  1.505286e-01  5.491350e-02 
 1.505338e-01  1.000000e+00  1.505338e-01  9.930432e-02 
 1.505417e-01  1.000000e+00  1.505417e-01  1.662377e-01 
 1.505517e-01  1.000000e+00  1.505517e-01  2.499108e-01 
 1.505617e-01  1.000000e+00  1.505617e-01  3.317484e-01 
 1.505717e-01  1.000000e+00  1.505717e-01  4.114503e-01 
 1.505817e-01  1.000000e+00  1.505817e-01  4.887274e-01 
 1.505917e-01  1.000000e+00  1.505917e-01  5.633034e-01 
 1.506017e-01  1.000000e+00  1.506017e-01  6.349152e-01 
 1.506117e-01  1.000000e+00  1.506117e-01  7.033138e-01 
 1.506217e-01  1.000000e+00  1.506217e-01  7.682655e-01 
 1.506317e-01  1.000000e+00  1.506317e-01  8.295523e-01 
 1.506417e-01  1.000000e+00  1.506417e-01  8.869729e-01 
 1.506517e-01  1.000000e+00  1.506517e-01  9.403430e-01 
 1.506617e-01  1.000000e+00  1.506617e-01  9.894959e-01 
 1.506717e-01  1.000000e+00  1.506717e-01  1.034283e+00 
 1.506817e-01  1.000000e+00  1.506817e-01  1.074575e+00 
 1.506917e-01  1.000000e+00  1.506917e-01  1.110260e+00 
 1.507017e-01  1.000000e+00  1.507017e-01  1.141247e+00 
 1.507117e-01  1.000000e+00  1.507117e-01  1.167463e+00 
 1.507217e-01  1.000000e+00  1.507217e-01  1.188854e+00 
 1.507317e-01  1.000000e+00  1.507317e-01  1.205387e+00 
 1.507417e-01  1.000000e+00  1.507417e-01  1.217047e+00 
 1.507517e-01  1.000000e+00  1.507517e-01  1.223839e+00 
 1.507617e-01  1.000000e+00  1.507617e-01  1.225785e+00 
 1.507717e-01  1.000000e+00  1.507717e-01  1.222928e+00 
 1.507817e-01  1.000000e+00  1.507817e-01  1.215328e+00 
 1.507917e-01  1.000000e+00  1.507917e-01  1.203064e+00 
 1.508017e-01  1.000000e+00  1.508017e-01  1.186232e+00 
 1.508117e-01  1.000000e+00  1.508117e-01  1.164943e+00 
 1.508217e-01  1.000000e+00  1.508217e-01  1.139326e+00 
 1.508317e-01  1.000000e+00  1.508317e-01  1.109526e+00 
 1.508417e-01  1.000000e+00  1.508417e-01  1.075702e+00 
 1.508517e-01  1.000000e+00  1.508517e-01  1.038027e+00 
 1.508617e-01  1.000000e+00  1.508617e-01  9.966871e-01 
 1.508717e-01  1.000000e+00  1.508717e-01  9.518815e-01 
 1.508817e-01  1.000000e+00  1.508817e-01  9.038203e-01 
 1.508917e-01  1.000000e+00  1.508917e-01  8.527244e-01 
 1.509017e-01  1.000000e+00  1.509017e-01  7.988241e-01 
 1.509117e-01  1.000000e+00  1.509117e-01  7.423583e-01 
 1.509217e-01  1.000000e+00  1.509217e-01  6.835736e-01 
 1.509317e-01  1.000000e+00  1.509317e-01  6.227231e-01 
 1.509417e-01  1.000000e+00  1.509417e-01  5.600651e-01 
 1.509517e-01  1.000000e+00  1.509517e-01  4.958626e-01 
 1.509617e-01  1.000000e+00  1.509617e-01  4.303818e-01 
 1.509717e-01  1.000000e+00  1.509717e-01  3.638912e-01 
 1.509817e-01  1.000000e+00  1.509817e-01  2.966603e-01 
 1.509917e-01  1.000000e+00  1.509917e-01  2.289591e-01 
 1.510000e-01  1.000000e+00  1.510000e-01  1.722923e-01 
 1.510010e-01  8.000000e-01  1.510010e-01  1.652993e-01 
 1.510030e-01  4.000000e-01  1.510030e-01  1.509172e-01 
 1.510070e-01 -4.000000e-01  1.510070e-01  1.197874e-01 
 1.510100e-01 -1.000000e+00  1.510100e-01  9.438364e-02 
 1.510104e-01 -1.000000e+00  1.510104e-01  9.069119e-02 
 1.510113e-01 -1.000000e+00  1.510113e-01  8.330822e-02 
 1.510130e-01 -1.000000e+00  1.510130e-01  6.855476e-02 
 1.510153e-01 -1.000000e+00  1.510153e-01  4.830466e-02 
 1.510187e-01 -1.000000e+00  1.510187e-01  1.855991e-02 
 1.510239e-01 -1.000000e+00  1.510239e-01 -2.662748e-02 
 1.510318e-01 -1.000000e+00  1.510318e-01 -9.489417e-02 
 1.510418e-01 -1.000000e+00  1.510418e-01 -1.798378e-01 
 1.510518e-01 -1.000000e+00  1.510518e-01 -2.632121e-01 
 1.510618e-01 -1.000000e+00  1.510618e-01 -3.447078e-01 
 1.510718e-01 -1.000000e+00  1.510718e-01 -4.240266e-01 
 1.510818e-01 -1.000000e+00  1.510818e-01 -5.008814e-01 
 1.510918e-01 -1.000000e+00  1.510918e-01 -5.749978e-01 
 1.511018e-01 -1.000000e+00  1.511018e-01 -6.461148e-01 
 1.511118e-01 -1.000000e+00  1.511118e-01 -7.139860e-01 
 1.511218e-01 -1.000000e+00  1.511218e-01 -7.783798e-01 
 1.511318e-01 -1.000000e+00  1.511318e-01 -8.390809e-01 
 1.511418e-01 -1.000000e+00  1.511418e-01 -8.958905e-01 
 1.511518e-01 -1.000000e+00  1.511518e-01 -9.486270e-01 
 1.511618e-01 -1.000000e+00  1.511618e-01 -9.971264e-01 
 1.511718e-01 -1.000000e+00  1.511718e-01 -1.041243e+00 
 1.511818e-01 -1.000000e+00  1.511818e-01 -1.080850e+00 
 1.511918e-01 -1.000000e+00  1.511918e-01 -1.115839e+00 
 1.512018e-01 -1.000000e+00  1.512018e-01 -1.146121e+00 
 1.512118e-01 -1.000000e+00  1.512118e-01 -1.171627e+00 
 1.512218e-01 -1.000000e+00  1.512218e-01 -1.192305e+00 
 1.512318e-01 -1.000000e+00  1.512318e-01 -1.208124e+00 
 1.512418e-01 -1.000000e+00  1.512418e-01 -1.219074e+00 
 1.512518e-01 -1.000000e+00  1.512518e-01 -1.225160e+00 
 1.512618e-01 -1.000000e+00  1.512618e-01 -1.226410e+00 
 1.512718e-01 -1.000000e+00  1.512718e-01 -1.222868e+00 
 1.512818e-01 -1.000000e+00  1.512818e-01 -1.214596e+00 
 1.512918e-01 -1.000000e+00  1.512918e-01 -1.201677e+00 
 1.513018e-01 -1.000000e+00  1.513018e-01 -1.184207e+00 
 1.513118e-01 -1.000000e+00  1.513118e-01 -1.162301e+00 
 1.513218e-01 -1.000000e+00  1.513218e-01 -1.136091e+00 
 1.513318e-01 -1.000000e+00  1.513318e-01 -1.105723e+00 
 1.513418e-01 -1.000000e+00  1.513418e-01 -1.071357e+00 
 1.513518e-01 -1.000000e+00  1.513518e-01 -1.033170e+00 
 1.513618e-01 -1.000000e+00  1.513618e-01 -9.913479e-01 
 1.513718e-01 -1.000000e+00  1.513718e-01 -9.460924e-01 
 1.513818e-01 -1.000000e+00  1.513818e-01 -8.976149e-01 
 1.513918e-01 -1.000000e+00  1.513918e-01 -8.461375e-01 
 1.514018e-01 -1.000000e+00  1.514018e-01 -7.918915e-01 
 1.514118e-01 -1.000000e+00  1.514118e-01 -7.351170e-01 
 1.514218e-01 -1.000000e+00  1.514218e-01 -6.760612e-01 
 1.514318e-01 -1.000000e+00  1.514318e-01 -6.149779e-01 
 1.514418e-01 -1.000000e+00  1.514418e-01 -5.521259e-01 
 1.514518e-01 -1.000000e+00  1.514518e-01 -4.877685e-01 
 1.514618e-01 -1.000000e+00  1.514618e-01 -4.221720e-01 
 1.514718e-01 -1.000000e+00  1.514718e-01 -3.556051e-01 
 1.514818e-01 -1.000000e+00  1.514818e-01 -2.883371e-01 
 1.514918e-01 -1.000000e+00  1.514918e-01 -2.206376e-01 
 1.515018e-01 -1.000000e+00  1.515018e-01 -1.527750e-01 
 1.515100e-01 -1.000000e+00  1.515100e-01 -9.731744e-02 
 1.515110e-01 -8.000000e-01  1.515110e-01 -9.035142e-02 
 1.515130e-01 -4.000000e-01  1.515130e-01 -7.602911e-02 
 1.515170e-01  4.000000e-01  1.515170e-01 -4.505455e-02 
 1.515200e-01  1.000000e+00  1.515200e-01 -1.979819e-02 
 1.515204e-01  1.000000e+00  1.515204e-01 -1.614656e-02 
 1.515213e-01  1.000000e+00  1.515213e-01 -8.846244e-03 
 1.515229e-01  1.000000e+00  1.515229e-01  5.735870e-03 
 1.515252e-01  1.000000e+00  1.515252e-01  2.568786e-02 
 1.515286e-01  1.000000e+00  1.515286e-01  5.491350e-02 
 1.515338e-01  1.000000e+00  1.515338e-01  9.930432e-02 
 1.515417e-01  1.000000e+00  1.515417e-01  1.662377e-01 
 1.515517e-01  1.000000e+00  1.515517e-01  2.499108e-01 
 1.515617e-01  1.000000e+00  1.515617e-01  3.317484e-01 
 1.515717e-01  1.000000e+00  1.515717e-01  4.114503e-01 
 1.515817e-01  1.000000e+00  1.515817e-01  4.887274e-01 
 1.515917e-01  1.000000e+00  1.515917e-01  5.633034e-01 
 1.516017e-01  1.000000e+00  1.516017e-01  6.349152e-01 
 1.516117e-01  1.000000e+00  1.516117e-01  7.033138e-01 
 1.516217e-01  1.000000e+00  1.516217e-01  7.682655e-01 
 1.516317e-01  1.000000e+00  1.516317e-01  8.295523e-01 
 1.516417e-01  1.000000e+00  1.516417e-01  8.869729e-01 
 1.516517e-01  1.000000e+00  1.516517e-01  9.403430e-01 
 1.516617e-01  1.000000e+00  1.516617e-01  9.894959e-01 
 1.516717e-01  1.000000e+00  1.516717e-01  1.034283e+00 
 1.516817e-01  1.000000e+00  1.516817e-01  1.074575e+00 
 1.516917e-01  1.000000e+00  1.516917e-01  1.110260e+00 
 1.517017e-01  1.000000e+00  1.517017e-01  1.141247e+00 
 1.517117e-01  1.000000e+00  1.517117e-01  1.167463e+00 
 1.517217e-01  1.000000e+00  1.517217e-01  1.188854e+00 
 1.517317e-01  1.000000e+00  1.517317e-01  1.205387e+00 
 1.517417e-01  1.000000e+00  1.517417e-01  1.217047e+00 
 1.517517e-01  1.000000e+00  1.517517e-01  1.223839e+00 
 1.517617e-01  1.000000e+00  1.517617e-01  1.225785e+00 
 1.517717e-01  1.000000e+00  1.517717e-01  1.222928e+00 
 1.517817e-01  1.000000e+00  1.517817e-01  1.215328e+00 
 1.517917e-01  1.000000e+00  1.517917e-01  1.203064e+00 
 1.518017e-01  1.000000e+00  1.518017e-01  1.186232e+00 
 1.518117e-01  1.000000e+00  1.518117e-01  1.164943e+00 
 1.518217e-01  1.000000e+00  1.518217e-01  1.139326e+00 
 1.518317e-01  1.000000e+00  1.518317e-01  1.109526e+00 
 1.518417e-01  1.000000e+00  1.518417e-01  1.075702e+00 
 1.518517e-01  1.000000e+00  1.518517e-01  1.038027e+00 
 1.518617e-01  1.000000e+00  1.518617e-01  9.966871e-01 
 1.518717e-01  1.000000e+00  1.518717e-01  9.518815e-01 
 1.518817e-01  1.000000e+00  1.518817e-01  9.038203e-01 
 1.518917e-01  1.000000e+00  1.518917e-01  8.527244e-01 
 1.519017e-01  1.000000e+00  1.519017e-01  7.988241e-01 
 1.519117e-01  1.000000e+00  1.519117e-01  7.423583e-01 
 1.519217e-01  1.000000e+00  1.519217e-01  6.835736e-01 
 1.519317e-01  1.000000e+00  1.519317e-01  6.227231e-01 
 1.519417e-01  1.000000e+00  1.519417e-01  5.600651e-01 
 1.519517e-01  1.000000e+00  1.519517e-01  4.958626e-01 
 1.519617e-01  1.000000e+00  1.519617e-01  4.303818e-01 
 1.519717e-01  1.000000e+00  1.519717e-01  3.638912e-01 
 1.519817e-01  1.000000e+00  1.519817e-01  2.966603e-01 
 1.519917e-01  1.000000e+00  1.519917e-01  2.289591e-01 
 1.520000e-01  1.000000e+00  1.520000e-01  1.722923e-01 
 1.520010e-01  8.000000e-01  1.520010e-01  1.652993e-01 
 1.520030e-01  4.000000e-01  1.520030e-01  1.509172e-01 
 1.520070e-01 -4.000000e-01  1.520070e-01  1.197874e-01 
 1.520100e-01 -1.000000e+00  1.520100e-01  9.438364e-02 
 1.520104e-01 -1.000000e+00  1.520104e-01  9.069119e-02 
 1.520113e-01 -1.000000e+00  1.520113e-01  8.330822e-02 
 1.520130e-01 -1.000000e+00  1.520130e-01  6.855476e-02 
 1.520153e-01 -1.000000e+00  1.520153e-01  4.830466e-02 
 1.520187e-01 -1.000000e+00  1.520187e-01  1.855991e-02 
 1.520239e-01 -1.000000e+00  1.520239e-01 -2.662748e-02 
 1.520318e-01 -1.000000e+00  1.520318e-01 -9.489417e-02 
 1.520418e-01 -1.000000e+00  1.520418e-01 -1.798378e-01 
 1.520518e-01 -1.000000e+00  1.520518e-01 -2.632121e-01 
 1.520618e-01 -1.000000e+00  1.520618e-01 -3.447078e-01 
 1.520718e-01 -1.000000e+00  1.520718e-01 -4.240266e-01 
 1.520818e-01 -1.000000e+00  1.520818e-01 -5.008814e-01 
 1.520918e-01 -1.000000e+00  1.520918e-01 -5.749978e-01 
 1.521018e-01 -1.000000e+00  1.521018e-01 -6.461148e-01 
 1.521118e-01 -1.000000e+00  1.521118e-01 -7.139860e-01 
 1.521218e-01 -1.000000e+00  1.521218e-01 -7.783798e-01 
 1.521318e-01 -1.000000e+00  1.521318e-01 -8.390809e-01 
 1.521418e-01 -1.000000e+00  1.521418e-01 -8.958905e-01 
 1.521518e-01 -1.000000e+00  1.521518e-01 -9.486270e-01 
 1.521618e-01 -1.000000e+00  1.521618e-01 -9.971264e-01 
 1.521718e-01 -1.000000e+00  1.521718e-01 -1.041243e+00 
 1.521818e-01 -1.000000e+00  1.521818e-01 -1.080850e+00 
 1.521918e-01 -1.000000e+00  1.521918e-01 -1.115839e+00 
 1.522018e-01 -1.000000e+00  1.522018e-01 -1.146121e+00 
 1.522118e-01 -1.000000e+00  1.522118e-01 -1.171627e+00 
 1.522218e-01 -1.000000e+00  1.522218e-01 -1.192305e+00 
 1.522318e-01 -1.000000e+00  1.522318e-01 -1.208124e+00 
 1.522418e-01 -1.000000e+00  1.522418e-01 -1.219074e+00 
 1.522518e-01 -1.000000e+00  1.522518e-01 -1.225160e+00 
 1.522618e-01 -1.000000e+00  1.522618e-01 -1.226410e+00 
 1.522718e-01 -1.000000e+00  1.522718e-01 -1.222868e+00 
 1.522818e-01 -1.000000e+00  1.522818e-01 -1.214596e+00 
 1.522918e-01 -1.000000e+00  1.522918e-01 -1.201677e+00 
 1.523018e-01 -1.000000e+00  1.523018e-01 -1.184207e+00 
 1.523118e-01 -1.000000e+00  1.523118e-01 -1.162301e+00 
 1.523218e-01 -1.000000e+00  1.523218e-01 -1.136091e+00 
 1.523318e-01 -1.000000e+00  1.523318e-01 -1.105723e+00 
 1.523418e-01 -1.000000e+00  1.523418e-01 -1.071357e+00 
 1.523518e-01 -1.000000e+00  1.523518e-01 -1.033170e+00 
 1.523618e-01 -1.000000e+00  1.523618e-01 -9.913479e-01 
 1.523718e-01 -1.000000e+00  1.523718e-01 -9.460924e-01 
 1.523818e-01 -1.000000e+00  1.523818e-01 -8.976149e-01 
 1.523918e-01 -1.000000e+00  1.523918e-01 -8.461375e-01 
 1.524018e-01 -1.000000e+00  1.524018e-01 -7.918915e-01 
 1.524118e-01 -1.000000e+00  1.524118e-01 -7.351170e-01 
 1.524218e-01 -1.000000e+00  1.524218e-01 -6.760612e-01 
 1.524318e-01 -1.000000e+00  1.524318e-01 -6.149779e-01 
 1.524418e-01 -1.000000e+00  1.524418e-01 -5.521259e-01 
 1.524518e-01 -1.000000e+00  1.524518e-01 -4.877685e-01 
 1.524618e-01 -1.000000e+00  1.524618e-01 -4.221720e-01 
 1.524718e-01 -1.000000e+00  1.524718e-01 -3.556051e-01 
 1.524818e-01 -1.000000e+00  1.524818e-01 -2.883371e-01 
 1.524918e-01 -1.000000e+00  1.524918e-01 -2.206376e-01 
 1.525018e-01 -1.000000e+00  1.525018e-01 -1.527750e-01 
 1.525100e-01 -1.000000e+00  1.525100e-01 -9.731744e-02 
 1.525110e-01 -8.000000e-01  1.525110e-01 -9.035142e-02 
 1.525130e-01 -4.000000e-01  1.525130e-01 -7.602911e-02 
 1.525170e-01  4.000000e-01  1.525170e-01 -4.505455e-02 
 1.525200e-01  1.000000e+00  1.525200e-01 -1.979819e-02 
 1.525204e-01  1.000000e+00  1.525204e-01 -1.614656e-02 
 1.525213e-01  1.000000e+00  1.525213e-01 -8.846244e-03 
 1.525229e-01  1.000000e+00  1.525229e-01  5.735870e-03 
 1.525252e-01  1.000000e+00  1.525252e-01  2.568786e-02 
 1.525286e-01  1.000000e+00  1.525286e-01  5.491350e-02 
 1.525338e-01  1.000000e+00  1.525338e-01  9.930432e-02 
 1.525417e-01  1.000000e+00  1.525417e-01  1.662377e-01 
 1.525517e-01  1.000000e+00  1.525517e-01  2.499108e-01 
 1.525617e-01  1.000000e+00  1.525617e-01  3.317484e-01 
 1.525717e-01  1.000000e+00  1.525717e-01  4.114503e-01 
 1.525817e-01  1.000000e+00  1.525817e-01  4.887274e-01 
 1.525917e-01  1.000000e+00  1.525917e-01  5.633034e-01 
 1.526017e-01  1.000000e+00  1.526017e-01  6.349152e-01 
 1.526117e-01  1.000000e+00  1.526117e-01  7.033138e-01 
 1.526217e-01  1.000000e+00  1.526217e-01  7.682655e-01 
 1.526317e-01  1.000000e+00  1.526317e-01  8.295523e-01 
 1.526417e-01  1.000000e+00  1.526417e-01  8.869729e-01 
 1.526517e-01  1.000000e+00  1.526517e-01  9.403430e-01 
 1.526617e-01  1.000000e+00  1.526617e-01  9.894959e-01 
 1.526717e-01  1.000000e+00  1.526717e-01  1.034283e+00 
 1.526817e-01  1.000000e+00  1.526817e-01  1.074575e+00 
 1.526917e-01  1.000000e+00  1.526917e-01  1.110260e+00 
 1.527017e-01  1.000000e+00  1.527017e-01  1.141247e+00 
 1.527117e-01  1.000000e+00  1.527117e-01  1.167463e+00 
 1.527217e-01  1.000000e+00  1.527217e-01  1.188854e+00 
 1.527317e-01  1.000000e+00  1.527317e-01  1.205387e+00 
 1.527417e-01  1.000000e+00  1.527417e-01  1.217047e+00 
 1.527517e-01  1.000000e+00  1.527517e-01  1.223839e+00 
 1.527617e-01  1.000000e+00  1.527617e-01  1.225785e+00 
 1.527717e-01  1.000000e+00  1.527717e-01  1.222928e+00 
 1.527817e-01  1.000000e+00  1.527817e-01  1.215328e+00 
 1.527917e-01  1.000000e+00  1.527917e-01  1.203064e+00 
 1.528017e-01  1.000000e+00  1.528017e-01  1.186232e+00 
 1.528117e-01  1.000000e+00  1.528117e-01  1.164943e+00 
 1.528217e-01  1.000000e+00  1.528217e-01  1.139326e+00 
 1.528317e-01  1.000000e+00  1.528317e-01  1.109526e+00 
 1.528417e-01  1.000000e+00  1.528417e-01  1.075702e+00 
 1.528517e-01  1.000000e+00  1.528517e-01  1.038027e+00 
 1.528617e-01  1.000000e+00  1.528617e-01  9.966871e-01 
 1.528717e-01  1.000000e+00  1.528717e-01  9.518815e-01 
 1.528817e-01  1.000000e+00  1.528817e-01  9.038203e-01 
 1.528917e-01  1.000000e+00  1.528917e-01  8.527244e-01 
 1.529017e-01  1.000000e+00  1.529017e-01  7.988241e-01 
 1.529117e-01  1.000000e+00  1.529117e-01  7.423583e-01 
 1.529217e-01  1.000000e+00  1.529217e-01  6.835736e-01 
 1.529317e-01  1.000000e+00  1.529317e-01  6.227231e-01 
 1.529417e-01  1.000000e+00  1.529417e-01  5.600651e-01 
 1.529517e-01  1.000000e+00  1.529517e-01  4.958626e-01 
 1.529617e-01  1.000000e+00  1.529617e-01  4.303818e-01 
 1.529717e-01  1.000000e+00  1.529717e-01  3.638912e-01 
 1.529817e-01  1.000000e+00  1.529817e-01  2.966603e-01 
 1.529917e-01  1.000000e+00  1.529917e-01  2.289591e-01 
 1.530000e-01  1.000000e+00  1.530000e-01  1.722923e-01 
 1.530010e-01  8.000000e-01  1.530010e-01  1.652993e-01 
 1.530030e-01  4.000000e-01  1.530030e-01  1.509172e-01 
 1.530070e-01 -4.000000e-01  1.530070e-01  1.197874e-01 
 1.530100e-01 -1.000000e+00  1.530100e-01  9.438364e-02 
 1.530104e-01 -1.000000e+00  1.530104e-01  9.069119e-02 
 1.530113e-01 -1.000000e+00  1.530113e-01  8.330822e-02 
 1.530130e-01 -1.000000e+00  1.530130e-01  6.855476e-02 
 1.530153e-01 -1.000000e+00  1.530153e-01  4.830466e-02 
 1.530187e-01 -1.000000e+00  1.530187e-01  1.855991e-02 
 1.530239e-01 -1.000000e+00  1.530239e-01 -2.662748e-02 
 1.530318e-01 -1.000000e+00  1.530318e-01 -9.489417e-02 
 1.530418e-01 -1.000000e+00  1.530418e-01 -1.798378e-01 
 1.530518e-01 -1.000000e+00  1.530518e-01 -2.632121e-01 
 1.530618e-01 -1.000000e+00  1.530618e-01 -3.447078e-01 
 1.530718e-01 -1.000000e+00  1.530718e-01 -4.240266e-01 
 1.530818e-01 -1.000000e+00  1.530818e-01 -5.008814e-01 
 1.530918e-01 -1.000000e+00  1.530918e-01 -5.749978e-01 
 1.531018e-01 -1.000000e+00  1.531018e-01 -6.461148e-01 
 1.531118e-01 -1.000000e+00  1.531118e-01 -7.139860e-01 
 1.531218e-01 -1.000000e+00  1.531218e-01 -7.783798e-01 
 1.531318e-01 -1.000000e+00  1.531318e-01 -8.390809e-01 
 1.531418e-01 -1.000000e+00  1.531418e-01 -8.958905e-01 
 1.531518e-01 -1.000000e+00  1.531518e-01 -9.486270e-01 
 1.531618e-01 -1.000000e+00  1.531618e-01 -9.971264e-01 
 1.531718e-01 -1.000000e+00  1.531718e-01 -1.041243e+00 
 1.531818e-01 -1.000000e+00  1.531818e-01 -1.080850e+00 
 1.531918e-01 -1.000000e+00  1.531918e-01 -1.115839e+00 
 1.532018e-01 -1.000000e+00  1.532018e-01 -1.146121e+00 
 1.532118e-01 -1.000000e+00  1.532118e-01 -1.171627e+00 
 1.532218e-01 -1.000000e+00  1.532218e-01 -1.192305e+00 
 1.532318e-01 -1.000000e+00  1.532318e-01 -1.208124e+00 
 1.532418e-01 -1.000000e+00  1.532418e-01 -1.219074e+00 
 1.532518e-01 -1.000000e+00  1.532518e-01 -1.225160e+00 
 1.532618e-01 -1.000000e+00  1.532618e-01 -1.226410e+00 
 1.532718e-01 -1.000000e+00  1.532718e-01 -1.222868e+00 
 1.532818e-01 -1.000000e+00  1.532818e-01 -1.214596e+00 
 1.532918e-01 -1.000000e+00  1.532918e-01 -1.201677e+00 
 1.533018e-01 -1.000000e+00  1.533018e-01 -1.184207e+00 
 1.533118e-01 -1.000000e+00  1.533118e-01 -1.162301e+00 
 1.533218e-01 -1.000000e+00  1.533218e-01 -1.136091e+00 
 1.533318e-01 -1.000000e+00  1.533318e-01 -1.105723e+00 
 1.533418e-01 -1.000000e+00  1.533418e-01 -1.071357e+00 
 1.533518e-01 -1.000000e+00  1.533518e-01 -1.033170e+00 
 1.533618e-01 -1.000000e+00  1.533618e-01 -9.913479e-01 
 1.533718e-01 -1.000000e+00  1.533718e-01 -9.460924e-01 
 1.533818e-01 -1.000000e+00  1.533818e-01 -8.976149e-01 
 1.533918e-01 -1.000000e+00  1.533918e-01 -8.461375e-01 
 1.534018e-01 -1.000000e+00  1.534018e-01 -7.918915e-01 
 1.534118e-01 -1.000000e+00  1.534118e-01 -7.351170e-01 
 1.534218e-01 -1.000000e+00  1.534218e-01 -6.760612e-01 
 1.534318e-01 -1.000000e+00  1.534318e-01 -6.149779e-01 
 1.534418e-01 -1.000000e+00  1.534418e-01 -5.521259e-01 
 1.534518e-01 -1.000000e+00  1.534518e-01 -4.877685e-01 
 1.534618e-01 -1.000000e+00  1.534618e-01 -4.221720e-01 
 1.534718e-01 -1.000000e+00  1.534718e-01 -3.556051e-01 
 1.534818e-01 -1.000000e+00  1.534818e-01 -2.883371e-01 
 1.534918e-01 -1.000000e+00  1.534918e-01 -2.206376e-01 
 1.535018e-01 -1.000000e+00  1.535018e-01 -1.527750e-01 
 1.535100e-01 -1.000000e+00  1.535100e-01 -9.731744e-02 
 1.535110e-01 -8.000000e-01  1.535110e-01 -9.035142e-02 
 1.535130e-01 -4.000000e-01  1.535130e-01 -7.602911e-02 
 1.535170e-01  4.000000e-01  1.535170e-01 -4.505455e-02 
 1.535200e-01  1.000000e+00  1.535200e-01 -1.979819e-02 
 1.535204e-01  1.000000e+00  1.535204e-01 -1.614656e-02 
 1.535213e-01  1.000000e+00  1.535213e-01 -8.846244e-03 
 1.535229e-01  1.000000e+00  1.535229e-01  5.735870e-03 
 1.535252e-01  1.000000e+00  1.535252e-01  2.568786e-02 
 1.535286e-01  1.000000e+00  1.535286e-01  5.491350e-02 
 1.535338e-01  1.000000e+00  1.535338e-01  9.930432e-02 
 1.535417e-01  1.000000e+00  1.535417e-01  1.662377e-01 
 1.535517e-01  1.000000e+00  1.535517e-01  2.499108e-01 
 1.535617e-01  1.000000e+00  1.535617e-01  3.317484e-01 
 1.535717e-01  1.000000e+00  1.535717e-01  4.114503e-01 
 1.535817e-01  1.000000e+00  1.535817e-01  4.887274e-01 
 1.535917e-01  1.000000e+00  1.535917e-01  5.633034e-01 
 1.536017e-01  1.000000e+00  1.536017e-01  6.349152e-01 
 1.536117e-01  1.000000e+00  1.536117e-01  7.033138e-01 
 1.536217e-01  1.000000e+00  1.536217e-01  7.682655e-01 
 1.536317e-01  1.000000e+00  1.536317e-01  8.295523e-01 
 1.536417e-01  1.000000e+00  1.536417e-01  8.869729e-01 
 1.536517e-01  1.000000e+00  1.536517e-01  9.403430e-01 
 1.536617e-01  1.000000e+00  1.536617e-01  9.894959e-01 
 1.536717e-01  1.000000e+00  1.536717e-01  1.034283e+00 
 1.536817e-01  1.000000e+00  1.536817e-01  1.074575e+00 
 1.536917e-01  1.000000e+00  1.536917e-01  1.110260e+00 
 1.537017e-01  1.000000e+00  1.537017e-01  1.141247e+00 
 1.537117e-01  1.000000e+00  1.537117e-01  1.167463e+00 
 1.537217e-01  1.000000e+00  1.537217e-01  1.188854e+00 
 1.537317e-01  1.000000e+00  1.537317e-01  1.205387e+00 
 1.537417e-01  1.000000e+00  1.537417e-01  1.217047e+00 
 1.537517e-01  1.000000e+00  1.537517e-01  1.223839e+00 
 1.537617e-01  1.000000e+00  1.537617e-01  1.225785e+00 
 1.537717e-01  1.000000e+00  1.537717e-01  1.222928e+00 
 1.537817e-01  1.000000e+00  1.537817e-01  1.215328e+00 
 1.537917e-01  1.000000e+00  1.537917e-01  1.203064e+00 
 1.538017e-01  1.000000e+00  1.538017e-01  1.186232e+00 
 1.538117e-01  1.000000e+00  1.538117e-01  1.164943e+00 
 1.538217e-01  1.000000e+00  1.538217e-01  1.139326e+00 
 1.538317e-01  1.000000e+00  1.538317e-01  1.109526e+00 
 1.538417e-01  1.000000e+00  1.538417e-01  1.075702e+00 
 1.538517e-01  1.000000e+00  1.538517e-01  1.038027e+00 
 1.538617e-01  1.000000e+00  1.538617e-01  9.966871e-01 
 1.538717e-01  1.000000e+00  1.538717e-01  9.518815e-01 
 1.538817e-01  1.000000e+00  1.538817e-01  9.038203e-01 
 1.538917e-01  1.000000e+00  1.538917e-01  8.527244e-01 
 1.539017e-01  1.000000e+00  1.539017e-01  7.988241e-01 
 1.539117e-01  1.000000e+00  1.539117e-01  7.423583e-01 
 1.539217e-01  1.000000e+00  1.539217e-01  6.835736e-01 
 1.539317e-01  1.000000e+00  1.539317e-01  6.227231e-01 
 1.539417e-01  1.000000e+00  1.539417e-01  5.600651e-01 
 1.539517e-01  1.000000e+00  1.539517e-01  4.958626e-01 
 1.539617e-01  1.000000e+00  1.539617e-01  4.303818e-01 
 1.539717e-01  1.000000e+00  1.539717e-01  3.638912e-01 
 1.539817e-01  1.000000e+00  1.539817e-01  2.966603e-01 
 1.539917e-01  1.000000e+00  1.539917e-01  2.289591e-01 
 1.540000e-01  1.000000e+00  1.540000e-01  1.722923e-01 
 1.540010e-01  8.000000e-01  1.540010e-01  1.652993e-01 
 1.540030e-01  4.000000e-01  1.540030e-01  1.509172e-01 
 1.540070e-01 -4.000000e-01  1.540070e-01  1.197874e-01 
 1.540100e-01 -1.000000e+00  1.540100e-01  9.438364e-02 
 1.540104e-01 -1.000000e+00  1.540104e-01  9.069119e-02 
 1.540113e-01 -1.000000e+00  1.540113e-01  8.330822e-02 
 1.540130e-01 -1.000000e+00  1.540130e-01  6.855476e-02 
 1.540153e-01 -1.000000e+00  1.540153e-01  4.830466e-02 
 1.540187e-01 -1.000000e+00  1.540187e-01  1.855991e-02 
 1.540239e-01 -1.000000e+00  1.540239e-01 -2.662748e-02 
 1.540318e-01 -1.000000e+00  1.540318e-01 -9.489417e-02 
 1.540418e-01 -1.000000e+00  1.540418e-01 -1.798378e-01 
 1.540518e-01 -1.000000e+00  1.540518e-01 -2.632121e-01 
 1.540618e-01 -1.000000e+00  1.540618e-01 -3.447078e-01 
 1.540718e-01 -1.000000e+00  1.540718e-01 -4.240266e-01 
 1.540818e-01 -1.000000e+00  1.540818e-01 -5.008814e-01 
 1.540918e-01 -1.000000e+00  1.540918e-01 -5.749978e-01 
 1.541018e-01 -1.000000e+00  1.541018e-01 -6.461148e-01 
 1.541118e-01 -1.000000e+00  1.541118e-01 -7.139860e-01 
 1.541218e-01 -1.000000e+00  1.541218e-01 -7.783798e-01 
 1.541318e-01 -1.000000e+00  1.541318e-01 -8.390809e-01 
 1.541418e-01 -1.000000e+00  1.541418e-01 -8.958905e-01 
 1.541518e-01 -1.000000e+00  1.541518e-01 -9.486270e-01 
 1.541618e-01 -1.000000e+00  1.541618e-01 -9.971264e-01 
 1.541718e-01 -1.000000e+00  1.541718e-01 -1.041243e+00 
 1.541818e-01 -1.000000e+00  1.541818e-01 -1.080850e+00 
 1.541918e-01 -1.000000e+00  1.541918e-01 -1.115839e+00 
 1.542018e-01 -1.000000e+00  1.542018e-01 -1.146121e+00 
 1.542118e-01 -1.000000e+00  1.542118e-01 -1.171627e+00 
 1.542218e-01 -1.000000e+00  1.542218e-01 -1.192305e+00 
 1.542318e-01 -1.000000e+00  1.542318e-01 -1.208124e+00 
 1.542418e-01 -1.000000e+00  1.542418e-01 -1.219074e+00 
 1.542518e-01 -1.000000e+00  1.542518e-01 -1.225160e+00 
 1.542618e-01 -1.000000e+00  1.542618e-01 -1.226410e+00 
 1.542718e-01 -1.000000e+00  1.542718e-01 -1.222868e+00 
 1.542818e-01 -1.000000e+00  1.542818e-01 -1.214596e+00 
 1.542918e-01 -1.000000e+00  1.542918e-01 -1.201677e+00 
 1.543018e-01 -1.000000e+00  1.543018e-01 -1.184207e+00 
 1.543118e-01 -1.000000e+00  1.543118e-01 -1.162301e+00 
 1.543218e-01 -1.000000e+00  1.543218e-01 -1.136091e+00 
 1.543318e-01 -1.000000e+00  1.543318e-01 -1.105723e+00 
 1.543418e-01 -1.000000e+00  1.543418e-01 -1.071357e+00 
 1.543518e-01 -1.000000e+00  1.543518e-01 -1.033170e+00 
 1.543618e-01 -1.000000e+00  1.543618e-01 -9.913479e-01 
 1.543718e-01 -1.000000e+00  1.543718e-01 -9.460924e-01 
 1.543818e-01 -1.000000e+00  1.543818e-01 -8.976149e-01 
 1.543918e-01 -1.000000e+00  1.543918e-01 -8.461375e-01 
 1.544018e-01 -1.000000e+00  1.544018e-01 -7.918915e-01 
 1.544118e-01 -1.000000e+00  1.544118e-01 -7.351170e-01 
 1.544218e-01 -1.000000e+00  1.544218e-01 -6.760612e-01 
 1.544318e-01 -1.000000e+00  1.544318e-01 -6.149779e-01 
 1.544418e-01 -1.000000e+00  1.544418e-01 -5.521259e-01 
 1.544518e-01 -1.000000e+00  1.544518e-01 -4.877685e-01 
 1.544618e-01 -1.000000e+00  1.544618e-01 -4.221720e-01 
 1.544718e-01 -1.000000e+00  1.544718e-01 -3.556051e-01 
 1.544818e-01 -1.000000e+00  1.544818e-01 -2.883371e-01 
 1.544918e-01 -1.000000e+00  1.544918e-01 -2.206376e-01 
 1.545018e-01 -1.000000e+00  1.545018e-01 -1.527750e-01 
 1.545100e-01 -1.000000e+00  1.545100e-01 -9.731744e-02 
 1.545110e-01 -8.000000e-01  1.545110e-01 -9.035142e-02 
 1.545130e-01 -4.000000e-01  1.545130e-01 -7.602911e-02 
 1.545170e-01  4.000000e-01  1.545170e-01 -4.505455e-02 
 1.545200e-01  1.000000e+00  1.545200e-01 -1.979819e-02 
 1.545204e-01  1.000000e+00  1.545204e-01 -1.614656e-02 
 1.545213e-01  1.000000e+00  1.545213e-01 -8.846244e-03 
 1.545229e-01  1.000000e+00  1.545229e-01  5.735870e-03 
 1.545252e-01  1.000000e+00  1.545252e-01  2.568786e-02 
 1.545286e-01  1.000000e+00  1.545286e-01  5.491350e-02 
 1.545338e-01  1.000000e+00  1.545338e-01  9.930432e-02 
 1.545417e-01  1.000000e+00  1.545417e-01  1.662377e-01 
 1.545517e-01  1.000000e+00  1.545517e-01  2.499108e-01 
 1.545617e-01  1.000000e+00  1.545617e-01  3.317484e-01 
 1.545717e-01  1.000000e+00  1.545717e-01  4.114503e-01 
 1.545817e-01  1.000000e+00  1.545817e-01  4.887274e-01 
 1.545917e-01  1.000000e+00  1.545917e-01  5.633034e-01 
 1.546017e-01  1.000000e+00  1.546017e-01  6.349152e-01 
 1.546117e-01  1.000000e+00  1.546117e-01  7.033138e-01 
 1.546217e-01  1.000000e+00  1.546217e-01  7.682655e-01 
 1.546317e-01  1.000000e+00  1.546317e-01  8.295523e-01 
 1.546417e-01  1.000000e+00  1.546417e-01  8.869729e-01 
 1.546517e-01  1.000000e+00  1.546517e-01  9.403430e-01 
 1.546617e-01  1.000000e+00  1.546617e-01  9.894959e-01 
 1.546717e-01  1.000000e+00  1.546717e-01  1.034283e+00 
 1.546817e-01  1.000000e+00  1.546817e-01  1.074575e+00 
 1.546917e-01  1.000000e+00  1.546917e-01  1.110260e+00 
 1.547017e-01  1.000000e+00  1.547017e-01  1.141247e+00 
 1.547117e-01  1.000000e+00  1.547117e-01  1.167463e+00 
 1.547217e-01  1.000000e+00  1.547217e-01  1.188854e+00 
 1.547317e-01  1.000000e+00  1.547317e-01  1.205387e+00 
 1.547417e-01  1.000000e+00  1.547417e-01  1.217047e+00 
 1.547517e-01  1.000000e+00  1.547517e-01  1.223839e+00 
 1.547617e-01  1.000000e+00  1.547617e-01  1.225785e+00 
 1.547717e-01  1.000000e+00  1.547717e-01  1.222928e+00 
 1.547817e-01  1.000000e+00  1.547817e-01  1.215328e+00 
 1.547917e-01  1.000000e+00  1.547917e-01  1.203064e+00 
 1.548017e-01  1.000000e+00  1.548017e-01  1.186232e+00 
 1.548117e-01  1.000000e+00  1.548117e-01  1.164943e+00 
 1.548217e-01  1.000000e+00  1.548217e-01  1.139326e+00 
 1.548317e-01  1.000000e+00  1.548317e-01  1.109526e+00 
 1.548417e-01  1.000000e+00  1.548417e-01  1.075702e+00 
 1.548517e-01  1.000000e+00  1.548517e-01  1.038027e+00 
 1.548617e-01  1.000000e+00  1.548617e-01  9.966871e-01 
 1.548717e-01  1.000000e+00  1.548717e-01  9.518815e-01 
 1.548817e-01  1.000000e+00  1.548817e-01  9.038203e-01 
 1.548917e-01  1.000000e+00  1.548917e-01  8.527244e-01 
 1.549017e-01  1.000000e+00  1.549017e-01  7.988241e-01 
 1.549117e-01  1.000000e+00  1.549117e-01  7.423583e-01 
 1.549217e-01  1.000000e+00  1.549217e-01  6.835736e-01 
 1.549317e-01  1.000000e+00  1.549317e-01  6.227231e-01 
 1.549417e-01  1.000000e+00  1.549417e-01  5.600651e-01 
 1.549517e-01  1.000000e+00  1.549517e-01  4.958626e-01 
 1.549617e-01  1.000000e+00  1.549617e-01  4.303818e-01 
 1.549717e-01  1.000000e+00  1.549717e-01  3.638912e-01 
 1.549817e-01  1.000000e+00  1.549817e-01  2.966603e-01 
 1.549917e-01  1.000000e+00  1.549917e-01  2.289591e-01 
 1.550000e-01  1.000000e+00  1.550000e-01  1.722923e-01 
 1.550010e-01  8.000000e-01  1.550010e-01  1.652993e-01 
 1.550030e-01  4.000000e-01  1.550030e-01  1.509172e-01 
 1.550070e-01 -4.000000e-01  1.550070e-01  1.197874e-01 
 1.550100e-01 -1.000000e+00  1.550100e-01  9.438364e-02 
 1.550104e-01 -1.000000e+00  1.550104e-01  9.069119e-02 
 1.550113e-01 -1.000000e+00  1.550113e-01  8.330822e-02 
 1.550130e-01 -1.000000e+00  1.550130e-01  6.855476e-02 
 1.550153e-01 -1.000000e+00  1.550153e-01  4.830466e-02 
 1.550187e-01 -1.000000e+00  1.550187e-01  1.855991e-02 
 1.550239e-01 -1.000000e+00  1.550239e-01 -2.662748e-02 
 1.550318e-01 -1.000000e+00  1.550318e-01 -9.489417e-02 
 1.550418e-01 -1.000000e+00  1.550418e-01 -1.798378e-01 
 1.550518e-01 -1.000000e+00  1.550518e-01 -2.632121e-01 
 1.550618e-01 -1.000000e+00  1.550618e-01 -3.447078e-01 
 1.550718e-01 -1.000000e+00  1.550718e-01 -4.240266e-01 
 1.550818e-01 -1.000000e+00  1.550818e-01 -5.008814e-01 
 1.550918e-01 -1.000000e+00  1.550918e-01 -5.749978e-01 
 1.551018e-01 -1.000000e+00  1.551018e-01 -6.461148e-01 
 1.551118e-01 -1.000000e+00  1.551118e-01 -7.139860e-01 
 1.551218e-01 -1.000000e+00  1.551218e-01 -7.783798e-01 
 1.551318e-01 -1.000000e+00  1.551318e-01 -8.390809e-01 
 1.551418e-01 -1.000000e+00  1.551418e-01 -8.958905e-01 
 1.551518e-01 -1.000000e+00  1.551518e-01 -9.486270e-01 
 1.551618e-01 -1.000000e+00  1.551618e-01 -9.971264e-01 
 1.551718e-01 -1.000000e+00  1.551718e-01 -1.041243e+00 
 1.551818e-01 -1.000000e+00  1.551818e-01 -1.080850e+00 
 1.551918e-01 -1.000000e+00  1.551918e-01 -1.115839e+00 
 1.552018e-01 -1.000000e+00  1.552018e-01 -1.146121e+00 
 1.552118e-01 -1.000000e+00  1.552118e-01 -1.171627e+00 
 1.552218e-01 -1.000000e+00  1.552218e-01 -1.192305e+00 
 1.552318e-01 -1.000000e+00  1.552318e-01 -1.208124e+00 
 1.552418e-01 -1.000000e+00  1.552418e-01 -1.219074e+00 
 1.552518e-01 -1.000000e+00  1.552518e-01 -1.225160e+00 
 1.552618e-01 -1.000000e+00  1.552618e-01 -1.226410e+00 
 1.552718e-01 -1.000000e+00  1.552718e-01 -1.222868e+00 
 1.552818e-01 -1.000000e+00  1.552818e-01 -1.214596e+00 
 1.552918e-01 -1.000000e+00  1.552918e-01 -1.201677e+00 
 1.553018e-01 -1.000000e+00  1.553018e-01 -1.184207e+00 
 1.553118e-01 -1.000000e+00  1.553118e-01 -1.162301e+00 
 1.553218e-01 -1.000000e+00  1.553218e-01 -1.136091e+00 
 1.553318e-01 -1.000000e+00  1.553318e-01 -1.105723e+00 
 1.553418e-01 -1.000000e+00  1.553418e-01 -1.071357e+00 
 1.553518e-01 -1.000000e+00  1.553518e-01 -1.033170e+00 
 1.553618e-01 -1.000000e+00  1.553618e-01 -9.913479e-01 
 1.553718e-01 -1.000000e+00  1.553718e-01 -9.460924e-01 
 1.553818e-01 -1.000000e+00  1.553818e-01 -8.976149e-01 
 1.553918e-01 -1.000000e+00  1.553918e-01 -8.461375e-01 
 1.554018e-01 -1.000000e+00  1.554018e-01 -7.918915e-01 
 1.554118e-01 -1.000000e+00  1.554118e-01 -7.351170e-01 
 1.554218e-01 -1.000000e+00  1.554218e-01 -6.760612e-01 
 1.554318e-01 -1.000000e+00  1.554318e-01 -6.149779e-01 
 1.554418e-01 -1.000000e+00  1.554418e-01 -5.521259e-01 
 1.554518e-01 -1.000000e+00  1.554518e-01 -4.877685e-01 
 1.554618e-01 -1.000000e+00  1.554618e-01 -4.221720e-01 
 1.554718e-01 -1.000000e+00  1.554718e-01 -3.556051e-01 
 1.554818e-01 -1.000000e+00  1.554818e-01 -2.883371e-01 
 1.554918e-01 -1.000000e+00  1.554918e-01 -2.206376e-01 
 1.555018e-01 -1.000000e+00  1.555018e-01 -1.527750e-01 
 1.555100e-01 -1.000000e+00  1.555100e-01 -9.731744e-02 
 1.555110e-01 -8.000000e-01  1.555110e-01 -9.035142e-02 
 1.555130e-01 -4.000000e-01  1.555130e-01 -7.602911e-02 
 1.555170e-01  4.000000e-01  1.555170e-01 -4.505455e-02 
 1.555200e-01  1.000000e+00  1.555200e-01 -1.979819e-02 
 1.555204e-01  1.000000e+00  1.555204e-01 -1.614656e-02 
 1.555213e-01  1.000000e+00  1.555213e-01 -8.846244e-03 
 1.555229e-01  1.000000e+00  1.555229e-01  5.735870e-03 
 1.555252e-01  1.000000e+00  1.555252e-01  2.568786e-02 
 1.555286e-01  1.000000e+00  1.555286e-01  5.491350e-02 
 1.555338e-01  1.000000e+00  1.555338e-01  9.930432e-02 
 1.555417e-01  1.000000e+00  1.555417e-01  1.662377e-01 
 1.555517e-01  1.000000e+00  1.555517e-01  2.499108e-01 
 1.555617e-01  1.000000e+00  1.555617e-01  3.317484e-01 
 1.555717e-01  1.000000e+00  1.555717e-01  4.114503e-01 
 1.555817e-01  1.000000e+00  1.555817e-01  4.887274e-01 
 1.555917e-01  1.000000e+00  1.555917e-01  5.633034e-01 
 1.556017e-01  1.000000e+00  1.556017e-01  6.349152e-01 
 1.556117e-01  1.000000e+00  1.556117e-01  7.033138e-01 
 1.556217e-01  1.000000e+00  1.556217e-01  7.682655e-01 
 1.556317e-01  1.000000e+00  1.556317e-01  8.295523e-01 
 1.556417e-01  1.000000e+00  1.556417e-01  8.869729e-01 
 1.556517e-01  1.000000e+00  1.556517e-01  9.403430e-01 
 1.556617e-01  1.000000e+00  1.556617e-01  9.894959e-01 
 1.556717e-01  1.000000e+00  1.556717e-01  1.034283e+00 
 1.556817e-01  1.000000e+00  1.556817e-01  1.074575e+00 
 1.556917e-01  1.000000e+00  1.556917e-01  1.110260e+00 
 1.557017e-01  1.000000e+00  1.557017e-01  1.141247e+00 
 1.557117e-01  1.000000e+00  1.557117e-01  1.167463e+00 
 1.557217e-01  1.000000e+00  1.557217e-01  1.188854e+00 
 1.557317e-01  1.000000e+00  1.557317e-01  1.205387e+00 
 1.557417e-01  1.000000e+00  1.557417e-01  1.217047e+00 
 1.557517e-01  1.000000e+00  1.557517e-01  1.223839e+00 
 1.557617e-01  1.000000e+00  1.557617e-01  1.225785e+00 
 1.557717e-01  1.000000e+00  1.557717e-01  1.222928e+00 
 1.557817e-01  1.000000e+00  1.557817e-01  1.215328e+00 
 1.557917e-01  1.000000e+00  1.557917e-01  1.203064e+00 
 1.558017e-01  1.000000e+00  1.558017e-01  1.186232e+00 
 1.558117e-01  1.000000e+00  1.558117e-01  1.164943e+00 
 1.558217e-01  1.000000e+00  1.558217e-01  1.139326e+00 
 1.558317e-01  1.000000e+00  1.558317e-01  1.109526e+00 
 1.558417e-01  1.000000e+00  1.558417e-01  1.075702e+00 
 1.558517e-01  1.000000e+00  1.558517e-01  1.038027e+00 
 1.558617e-01  1.000000e+00  1.558617e-01  9.966871e-01 
 1.558717e-01  1.000000e+00  1.558717e-01  9.518815e-01 
 1.558817e-01  1.000000e+00  1.558817e-01  9.038203e-01 
 1.558917e-01  1.000000e+00  1.558917e-01  8.527244e-01 
 1.559017e-01  1.000000e+00  1.559017e-01  7.988241e-01 
 1.559117e-01  1.000000e+00  1.559117e-01  7.423583e-01 
 1.559217e-01  1.000000e+00  1.559217e-01  6.835736e-01 
 1.559317e-01  1.000000e+00  1.559317e-01  6.227231e-01 
 1.559417e-01  1.000000e+00  1.559417e-01  5.600651e-01 
 1.559517e-01  1.000000e+00  1.559517e-01  4.958626e-01 
 1.559617e-01  1.000000e+00  1.559617e-01  4.303818e-01 
 1.559717e-01  1.000000e+00  1.559717e-01  3.638912e-01 
 1.559817e-01  1.000000e+00  1.559817e-01  2.966603e-01 
 1.559917e-01  1.000000e+00  1.559917e-01  2.289591e-01 
 1.560000e-01  1.000000e+00  1.560000e-01  1.722923e-01 
 1.560010e-01  8.000000e-01  1.560010e-01  1.652993e-01 
 1.560030e-01  4.000000e-01  1.560030e-01  1.509172e-01 
 1.560070e-01 -4.000000e-01  1.560070e-01  1.197874e-01 
 1.560100e-01 -1.000000e+00  1.560100e-01  9.438364e-02 
 1.560104e-01 -1.000000e+00  1.560104e-01  9.069119e-02 
 1.560113e-01 -1.000000e+00  1.560113e-01  8.330822e-02 
 1.560130e-01 -1.000000e+00  1.560130e-01  6.855476e-02 
 1.560153e-01 -1.000000e+00  1.560153e-01  4.830466e-02 
 1.560187e-01 -1.000000e+00  1.560187e-01  1.855991e-02 
 1.560239e-01 -1.000000e+00  1.560239e-01 -2.662748e-02 
 1.560318e-01 -1.000000e+00  1.560318e-01 -9.489417e-02 
 1.560418e-01 -1.000000e+00  1.560418e-01 -1.798378e-01 
 1.560518e-01 -1.000000e+00  1.560518e-01 -2.632121e-01 
 1.560618e-01 -1.000000e+00  1.560618e-01 -3.447078e-01 
 1.560718e-01 -1.000000e+00  1.560718e-01 -4.240266e-01 
 1.560818e-01 -1.000000e+00  1.560818e-01 -5.008814e-01 
 1.560918e-01 -1.000000e+00  1.560918e-01 -5.749978e-01 
 1.561018e-01 -1.000000e+00  1.561018e-01 -6.461148e-01 
 1.561118e-01 -1.000000e+00  1.561118e-01 -7.139860e-01 
 1.561218e-01 -1.000000e+00  1.561218e-01 -7.783798e-01 
 1.561318e-01 -1.000000e+00  1.561318e-01 -8.390809e-01 
 1.561418e-01 -1.000000e+00  1.561418e-01 -8.958905e-01 
 1.561518e-01 -1.000000e+00  1.561518e-01 -9.486270e-01 
 1.561618e-01 -1.000000e+00  1.561618e-01 -9.971264e-01 
 1.561718e-01 -1.000000e+00  1.561718e-01 -1.041243e+00 
 1.561818e-01 -1.000000e+00  1.561818e-01 -1.080850e+00 
 1.561918e-01 -1.000000e+00  1.561918e-01 -1.115839e+00 
 1.562018e-01 -1.000000e+00  1.562018e-01 -1.146121e+00 
 1.562118e-01 -1.000000e+00  1.562118e-01 -1.171627e+00 
 1.562218e-01 -1.000000e+00  1.562218e-01 -1.192305e+00 
 1.562318e-01 -1.000000e+00  1.562318e-01 -1.208124e+00 
 1.562418e-01 -1.000000e+00  1.562418e-01 -1.219074e+00 
 1.562518e-01 -1.000000e+00  1.562518e-01 -1.225160e+00 
 1.562618e-01 -1.000000e+00  1.562618e-01 -1.226410e+00 
 1.562718e-01 -1.000000e+00  1.562718e-01 -1.222868e+00 
 1.562818e-01 -1.000000e+00  1.562818e-01 -1.214596e+00 
 1.562918e-01 -1.000000e+00  1.562918e-01 -1.201677e+00 
 1.563018e-01 -1.000000e+00  1.563018e-01 -1.184207e+00 
 1.563118e-01 -1.000000e+00  1.563118e-01 -1.162301e+00 
 1.563218e-01 -1.000000e+00  1.563218e-01 -1.136091e+00 
 1.563318e-01 -1.000000e+00  1.563318e-01 -1.105723e+00 
 1.563418e-01 -1.000000e+00  1.563418e-01 -1.071357e+00 
 1.563518e-01 -1.000000e+00  1.563518e-01 -1.033170e+00 
 1.563618e-01 -1.000000e+00  1.563618e-01 -9.913479e-01 
 1.563718e-01 -1.000000e+00  1.563718e-01 -9.460924e-01 
 1.563818e-01 -1.000000e+00  1.563818e-01 -8.976149e-01 
 1.563918e-01 -1.000000e+00  1.563918e-01 -8.461375e-01 
 1.564018e-01 -1.000000e+00  1.564018e-01 -7.918915e-01 
 1.564118e-01 -1.000000e+00  1.564118e-01 -7.351170e-01 
 1.564218e-01 -1.000000e+00  1.564218e-01 -6.760612e-01 
 1.564318e-01 -1.000000e+00  1.564318e-01 -6.149779e-01 
 1.564418e-01 -1.000000e+00  1.564418e-01 -5.521259e-01 
 1.564518e-01 -1.000000e+00  1.564518e-01 -4.877685e-01 
 1.564618e-01 -1.000000e+00  1.564618e-01 -4.221720e-01 
 1.564718e-01 -1.000000e+00  1.564718e-01 -3.556051e-01 
 1.564818e-01 -1.000000e+00  1.564818e-01 -2.883371e-01 
 1.564918e-01 -1.000000e+00  1.564918e-01 -2.206376e-01 
 1.565018e-01 -1.000000e+00  1.565018e-01 -1.527750e-01 
 1.565100e-01 -1.000000e+00  1.565100e-01 -9.731744e-02 
 1.565110e-01 -8.000000e-01  1.565110e-01 -9.035142e-02 
 1.565130e-01 -4.000000e-01  1.565130e-01 -7.602911e-02 
 1.565170e-01  4.000000e-01  1.565170e-01 -4.505455e-02 
 1.565200e-01  1.000000e+00  1.565200e-01 -1.979819e-02 
 1.565204e-01  1.000000e+00  1.565204e-01 -1.614656e-02 
 1.565213e-01  1.000000e+00  1.565213e-01 -8.846244e-03 
 1.565229e-01  1.000000e+00  1.565229e-01  5.735870e-03 
 1.565252e-01  1.000000e+00  1.565252e-01  2.568786e-02 
 1.565286e-01  1.000000e+00  1.565286e-01  5.491350e-02 
 1.565338e-01  1.000000e+00  1.565338e-01  9.930432e-02 
 1.565417e-01  1.000000e+00  1.565417e-01  1.662377e-01 
 1.565517e-01  1.000000e+00  1.565517e-01  2.499108e-01 
 1.565617e-01  1.000000e+00  1.565617e-01  3.317484e-01 
 1.565717e-01  1.000000e+00  1.565717e-01  4.114503e-01 
 1.565817e-01  1.000000e+00  1.565817e-01  4.887274e-01 
 1.565917e-01  1.000000e+00  1.565917e-01  5.633034e-01 
 1.566017e-01  1.000000e+00  1.566017e-01  6.349152e-01 
 1.566117e-01  1.000000e+00  1.566117e-01  7.033138e-01 
 1.566217e-01  1.000000e+00  1.566217e-01  7.682655e-01 
 1.566317e-01  1.000000e+00  1.566317e-01  8.295523e-01 
 1.566417e-01  1.000000e+00  1.566417e-01  8.869729e-01 
 1.566517e-01  1.000000e+00  1.566517e-01  9.403430e-01 
 1.566617e-01  1.000000e+00  1.566617e-01  9.894959e-01 
 1.566717e-01  1.000000e+00  1.566717e-01  1.034283e+00 
 1.566817e-01  1.000000e+00  1.566817e-01  1.074575e+00 
 1.566917e-01  1.000000e+00  1.566917e-01  1.110260e+00 
 1.567017e-01  1.000000e+00  1.567017e-01  1.141247e+00 
 1.567117e-01  1.000000e+00  1.567117e-01  1.167463e+00 
 1.567217e-01  1.000000e+00  1.567217e-01  1.188854e+00 
 1.567317e-01  1.000000e+00  1.567317e-01  1.205387e+00 
 1.567417e-01  1.000000e+00  1.567417e-01  1.217047e+00 
 1.567517e-01  1.000000e+00  1.567517e-01  1.223839e+00 
 1.567617e-01  1.000000e+00  1.567617e-01  1.225785e+00 
 1.567717e-01  1.000000e+00  1.567717e-01  1.222928e+00 
 1.567817e-01  1.000000e+00  1.567817e-01  1.215328e+00 
 1.567917e-01  1.000000e+00  1.567917e-01  1.203064e+00 
 1.568017e-01  1.000000e+00  1.568017e-01  1.186232e+00 
 1.568117e-01  1.000000e+00  1.568117e-01  1.164943e+00 
 1.568217e-01  1.000000e+00  1.568217e-01  1.139326e+00 
 1.568317e-01  1.000000e+00  1.568317e-01  1.109526e+00 
 1.568417e-01  1.000000e+00  1.568417e-01  1.075702e+00 
 1.568517e-01  1.000000e+00  1.568517e-01  1.038027e+00 
 1.568617e-01  1.000000e+00  1.568617e-01  9.966871e-01 
 1.568717e-01  1.000000e+00  1.568717e-01  9.518815e-01 
 1.568817e-01  1.000000e+00  1.568817e-01  9.038203e-01 
 1.568917e-01  1.000000e+00  1.568917e-01  8.527244e-01 
 1.569017e-01  1.000000e+00  1.569017e-01  7.988241e-01 
 1.569117e-01  1.000000e+00  1.569117e-01  7.423583e-01 
 1.569217e-01  1.000000e+00  1.569217e-01  6.835736e-01 
 1.569317e-01  1.000000e+00  1.569317e-01  6.227231e-01 
 1.569417e-01  1.000000e+00  1.569417e-01  5.600651e-01 
 1.569517e-01  1.000000e+00  1.569517e-01  4.958626e-01 
 1.569617e-01  1.000000e+00  1.569617e-01  4.303818e-01 
 1.569717e-01  1.000000e+00  1.569717e-01  3.638912e-01 
 1.569817e-01  1.000000e+00  1.569817e-01  2.966603e-01 
 1.569917e-01  1.000000e+00  1.569917e-01  2.289591e-01 
 1.570000e-01  1.000000e+00  1.570000e-01  1.722923e-01 
 1.570010e-01  8.000000e-01  1.570010e-01  1.652993e-01 
 1.570030e-01  4.000000e-01  1.570030e-01  1.509172e-01 
 1.570070e-01 -4.000000e-01  1.570070e-01  1.197874e-01 
 1.570100e-01 -1.000000e+00  1.570100e-01  9.438364e-02 
 1.570104e-01 -1.000000e+00  1.570104e-01  9.069119e-02 
 1.570113e-01 -1.000000e+00  1.570113e-01  8.330822e-02 
 1.570130e-01 -1.000000e+00  1.570130e-01  6.855476e-02 
 1.570153e-01 -1.000000e+00  1.570153e-01  4.830466e-02 
 1.570187e-01 -1.000000e+00  1.570187e-01  1.855991e-02 
 1.570239e-01 -1.000000e+00  1.570239e-01 -2.662748e-02 
 1.570318e-01 -1.000000e+00  1.570318e-01 -9.489417e-02 
 1.570418e-01 -1.000000e+00  1.570418e-01 -1.798378e-01 
 1.570518e-01 -1.000000e+00  1.570518e-01 -2.632121e-01 
 1.570618e-01 -1.000000e+00  1.570618e-01 -3.447078e-01 
 1.570718e-01 -1.000000e+00  1.570718e-01 -4.240266e-01 
 1.570818e-01 -1.000000e+00  1.570818e-01 -5.008814e-01 
 1.570918e-01 -1.000000e+00  1.570918e-01 -5.749978e-01 
 1.571018e-01 -1.000000e+00  1.571018e-01 -6.461148e-01 
 1.571118e-01 -1.000000e+00  1.571118e-01 -7.139860e-01 
 1.571218e-01 -1.000000e+00  1.571218e-01 -7.783798e-01 
 1.571318e-01 -1.000000e+00  1.571318e-01 -8.390809e-01 
 1.571418e-01 -1.000000e+00  1.571418e-01 -8.958905e-01 
 1.571518e-01 -1.000000e+00  1.571518e-01 -9.486270e-01 
 1.571618e-01 -1.000000e+00  1.571618e-01 -9.971264e-01 
 1.571718e-01 -1.000000e+00  1.571718e-01 -1.041243e+00 
 1.571818e-01 -1.000000e+00  1.571818e-01 -1.080850e+00 
 1.571918e-01 -1.000000e+00  1.571918e-01 -1.115839e+00 
 1.572018e-01 -1.000000e+00  1.572018e-01 -1.146121e+00 
 1.572118e-01 -1.000000e+00  1.572118e-01 -1.171627e+00 
 1.572218e-01 -1.000000e+00  1.572218e-01 -1.192305e+00 
 1.572318e-01 -1.000000e+00  1.572318e-01 -1.208124e+00 
 1.572418e-01 -1.000000e+00  1.572418e-01 -1.219074e+00 
 1.572518e-01 -1.000000e+00  1.572518e-01 -1.225160e+00 
 1.572618e-01 -1.000000e+00  1.572618e-01 -1.226410e+00 
 1.572718e-01 -1.000000e+00  1.572718e-01 -1.222868e+00 
 1.572818e-01 -1.000000e+00  1.572818e-01 -1.214596e+00 
 1.572918e-01 -1.000000e+00  1.572918e-01 -1.201677e+00 
 1.573018e-01 -1.000000e+00  1.573018e-01 -1.184207e+00 
 1.573118e-01 -1.000000e+00  1.573118e-01 -1.162301e+00 
 1.573218e-01 -1.000000e+00  1.573218e-01 -1.136091e+00 
 1.573318e-01 -1.000000e+00  1.573318e-01 -1.105723e+00 
 1.573418e-01 -1.000000e+00  1.573418e-01 -1.071357e+00 
 1.573518e-01 -1.000000e+00  1.573518e-01 -1.033170e+00 
 1.573618e-01 -1.000000e+00  1.573618e-01 -9.913479e-01 
 1.573718e-01 -1.000000e+00  1.573718e-01 -9.460924e-01 
 1.573818e-01 -1.000000e+00  1.573818e-01 -8.976149e-01 
 1.573918e-01 -1.000000e+00  1.573918e-01 -8.461375e-01 
 1.574018e-01 -1.000000e+00  1.574018e-01 -7.918915e-01 
 1.574118e-01 -1.000000e+00  1.574118e-01 -7.351170e-01 
 1.574218e-01 -1.000000e+00  1.574218e-01 -6.760612e-01 
 1.574318e-01 -1.000000e+00  1.574318e-01 -6.149779e-01 
 1.574418e-01 -1.000000e+00  1.574418e-01 -5.521259e-01 
 1.574518e-01 -1.000000e+00  1.574518e-01 -4.877685e-01 
 1.574618e-01 -1.000000e+00  1.574618e-01 -4.221720e-01 
 1.574718e-01 -1.000000e+00  1.574718e-01 -3.556051e-01 
 1.574818e-01 -1.000000e+00  1.574818e-01 -2.883371e-01 
 1.574918e-01 -1.000000e+00  1.574918e-01 -2.206376e-01 
 1.575018e-01 -1.000000e+00  1.575018e-01 -1.527750e-01 
 1.575100e-01 -1.000000e+00  1.575100e-01 -9.731744e-02 
 1.575110e-01 -8.000000e-01  1.575110e-01 -9.035142e-02 
 1.575130e-01 -4.000000e-01  1.575130e-01 -7.602911e-02 
 1.575170e-01  4.000000e-01  1.575170e-01 -4.505455e-02 
 1.575200e-01  1.000000e+00  1.575200e-01 -1.979819e-02 
 1.575204e-01  1.000000e+00  1.575204e-01 -1.614656e-02 
 1.575213e-01  1.000000e+00  1.575213e-01 -8.846244e-03 
 1.575229e-01  1.000000e+00  1.575229e-01  5.735870e-03 
 1.575252e-01  1.000000e+00  1.575252e-01  2.568786e-02 
 1.575286e-01  1.000000e+00  1.575286e-01  5.491350e-02 
 1.575338e-01  1.000000e+00  1.575338e-01  9.930432e-02 
 1.575417e-01  1.000000e+00  1.575417e-01  1.662377e-01 
 1.575517e-01  1.000000e+00  1.575517e-01  2.499108e-01 
 1.575617e-01  1.000000e+00  1.575617e-01  3.317484e-01 
 1.575717e-01  1.000000e+00  1.575717e-01  4.114503e-01 
 1.575817e-01  1.000000e+00  1.575817e-01  4.887274e-01 
 1.575917e-01  1.000000e+00  1.575917e-01  5.633034e-01 
 1.576017e-01  1.000000e+00  1.576017e-01  6.349152e-01 
 1.576117e-01  1.000000e+00  1.576117e-01  7.033138e-01 
 1.576217e-01  1.000000e+00  1.576217e-01  7.682655e-01 
 1.576317e-01  1.000000e+00  1.576317e-01  8.295523e-01 
 1.576417e-01  1.000000e+00  1.576417e-01  8.869729e-01 
 1.576517e-01  1.000000e+00  1.576517e-01  9.403430e-01 
 1.576617e-01  1.000000e+00  1.576617e-01  9.894959e-01 
 1.576717e-01  1.000000e+00  1.576717e-01  1.034283e+00 
 1.576817e-01  1.000000e+00  1.576817e-01  1.074575e+00 
 1.576917e-01  1.000000e+00  1.576917e-01  1.110260e+00 
 1.577017e-01  1.000000e+00  1.577017e-01  1.141247e+00 
 1.577117e-01  1.000000e+00  1.577117e-01  1.167463e+00 
 1.577217e-01  1.000000e+00  1.577217e-01  1.188854e+00 
 1.577317e-01  1.000000e+00  1.577317e-01  1.205387e+00 
 1.577417e-01  1.000000e+00  1.577417e-01  1.217047e+00 
 1.577517e-01  1.000000e+00  1.577517e-01  1.223839e+00 
 1.577617e-01  1.000000e+00  1.577617e-01  1.225785e+00 
 1.577717e-01  1.000000e+00  1.577717e-01  1.222928e+00 
 1.577817e-01  1.000000e+00  1.577817e-01  1.215328e+00 
 1.577917e-01  1.000000e+00  1.577917e-01  1.203064e+00 
 1.578017e-01  1.000000e+00  1.578017e-01  1.186232e+00 
 1.578117e-01  1.000000e+00  1.578117e-01  1.164943e+00 
 1.578217e-01  1.000000e+00  1.578217e-01  1.139326e+00 
 1.578317e-01  1.000000e+00  1.578317e-01  1.109526e+00 
 1.578417e-01  1.000000e+00  1.578417e-01  1.075702e+00 
 1.578517e-01  1.000000e+00  1.578517e-01  1.038027e+00 
 1.578617e-01  1.000000e+00  1.578617e-01  9.966871e-01 
 1.578717e-01  1.000000e+00  1.578717e-01  9.518815e-01 
 1.578817e-01  1.000000e+00  1.578817e-01  9.038203e-01 
 1.578917e-01  1.000000e+00  1.578917e-01  8.527244e-01 
 1.579017e-01  1.000000e+00  1.579017e-01  7.988241e-01 
 1.579117e-01  1.000000e+00  1.579117e-01  7.423583e-01 
 1.579217e-01  1.000000e+00  1.579217e-01  6.835736e-01 
 1.579317e-01  1.000000e+00  1.579317e-01  6.227231e-01 
 1.579417e-01  1.000000e+00  1.579417e-01  5.600651e-01 
 1.579517e-01  1.000000e+00  1.579517e-01  4.958626e-01 
 1.579617e-01  1.000000e+00  1.579617e-01  4.303818e-01 
 1.579717e-01  1.000000e+00  1.579717e-01  3.638912e-01 
 1.579817e-01  1.000000e+00  1.579817e-01  2.966603e-01 
 1.579917e-01  1.000000e+00  1.579917e-01  2.289591e-01 
 1.580000e-01  1.000000e+00  1.580000e-01  1.722923e-01 
 1.580010e-01  8.000000e-01  1.580010e-01  1.652993e-01 
 1.580030e-01  4.000000e-01  1.580030e-01  1.509172e-01 
 1.580070e-01 -4.000000e-01  1.580070e-01  1.197874e-01 
 1.580100e-01 -1.000000e+00  1.580100e-01  9.438364e-02 
 1.580104e-01 -1.000000e+00  1.580104e-01  9.069119e-02 
 1.580113e-01 -1.000000e+00  1.580113e-01  8.330822e-02 
 1.580130e-01 -1.000000e+00  1.580130e-01  6.855476e-02 
 1.580153e-01 -1.000000e+00  1.580153e-01  4.830466e-02 
 1.580187e-01 -1.000000e+00  1.580187e-01  1.855991e-02 
 1.580239e-01 -1.000000e+00  1.580239e-01 -2.662748e-02 
 1.580318e-01 -1.000000e+00  1.580318e-01 -9.489417e-02 
 1.580418e-01 -1.000000e+00  1.580418e-01 -1.798378e-01 
 1.580518e-01 -1.000000e+00  1.580518e-01 -2.632121e-01 
 1.580618e-01 -1.000000e+00  1.580618e-01 -3.447078e-01 
 1.580718e-01 -1.000000e+00  1.580718e-01 -4.240266e-01 
 1.580818e-01 -1.000000e+00  1.580818e-01 -5.008814e-01 
 1.580918e-01 -1.000000e+00  1.580918e-01 -5.749978e-01 
 1.581018e-01 -1.000000e+00  1.581018e-01 -6.461148e-01 
 1.581118e-01 -1.000000e+00  1.581118e-01 -7.139860e-01 
 1.581218e-01 -1.000000e+00  1.581218e-01 -7.783798e-01 
 1.581318e-01 -1.000000e+00  1.581318e-01 -8.390809e-01 
 1.581418e-01 -1.000000e+00  1.581418e-01 -8.958905e-01 
 1.581518e-01 -1.000000e+00  1.581518e-01 -9.486270e-01 
 1.581618e-01 -1.000000e+00  1.581618e-01 -9.971264e-01 
 1.581718e-01 -1.000000e+00  1.581718e-01 -1.041243e+00 
 1.581818e-01 -1.000000e+00  1.581818e-01 -1.080850e+00 
 1.581918e-01 -1.000000e+00  1.581918e-01 -1.115839e+00 
 1.582018e-01 -1.000000e+00  1.582018e-01 -1.146121e+00 
 1.582118e-01 -1.000000e+00  1.582118e-01 -1.171627e+00 
 1.582218e-01 -1.000000e+00  1.582218e-01 -1.192305e+00 
 1.582318e-01 -1.000000e+00  1.582318e-01 -1.208124e+00 
 1.582418e-01 -1.000000e+00  1.582418e-01 -1.219074e+00 
 1.582518e-01 -1.000000e+00  1.582518e-01 -1.225160e+00 
 1.582618e-01 -1.000000e+00  1.582618e-01 -1.226410e+00 
 1.582718e-01 -1.000000e+00  1.582718e-01 -1.222868e+00 
 1.582818e-01 -1.000000e+00  1.582818e-01 -1.214596e+00 
 1.582918e-01 -1.000000e+00  1.582918e-01 -1.201677e+00 
 1.583018e-01 -1.000000e+00  1.583018e-01 -1.184207e+00 
 1.583118e-01 -1.000000e+00  1.583118e-01 -1.162301e+00 
 1.583218e-01 -1.000000e+00  1.583218e-01 -1.136091e+00 
 1.583318e-01 -1.000000e+00  1.583318e-01 -1.105723e+00 
 1.583418e-01 -1.000000e+00  1.583418e-01 -1.071357e+00 
 1.583518e-01 -1.000000e+00  1.583518e-01 -1.033170e+00 
 1.583618e-01 -1.000000e+00  1.583618e-01 -9.913479e-01 
 1.583718e-01 -1.000000e+00  1.583718e-01 -9.460924e-01 
 1.583818e-01 -1.000000e+00  1.583818e-01 -8.976149e-01 
 1.583918e-01 -1.000000e+00  1.583918e-01 -8.461375e-01 
 1.584018e-01 -1.000000e+00  1.584018e-01 -7.918915e-01 
 1.584118e-01 -1.000000e+00  1.584118e-01 -7.351170e-01 
 1.584218e-01 -1.000000e+00  1.584218e-01 -6.760612e-01 
 1.584318e-01 -1.000000e+00  1.584318e-01 -6.149779e-01 
 1.584418e-01 -1.000000e+00  1.584418e-01 -5.521259e-01 
 1.584518e-01 -1.000000e+00  1.584518e-01 -4.877685e-01 
 1.584618e-01 -1.000000e+00  1.584618e-01 -4.221720e-01 
 1.584718e-01 -1.000000e+00  1.584718e-01 -3.556051e-01 
 1.584818e-01 -1.000000e+00  1.584818e-01 -2.883371e-01 
 1.584918e-01 -1.000000e+00  1.584918e-01 -2.206376e-01 
 1.585018e-01 -1.000000e+00  1.585018e-01 -1.527750e-01 
 1.585100e-01 -1.000000e+00  1.585100e-01 -9.731744e-02 
 1.585110e-01 -8.000000e-01  1.585110e-01 -9.035142e-02 
 1.585130e-01 -4.000000e-01  1.585130e-01 -7.602911e-02 
 1.585170e-01  4.000000e-01  1.585170e-01 -4.505455e-02 
 1.585200e-01  1.000000e+00  1.585200e-01 -1.979819e-02 
 1.585204e-01  1.000000e+00  1.585204e-01 -1.614656e-02 
 1.585213e-01  1.000000e+00  1.585213e-01 -8.846244e-03 
 1.585229e-01  1.000000e+00  1.585229e-01  5.735870e-03 
 1.585252e-01  1.000000e+00  1.585252e-01  2.568786e-02 
 1.585286e-01  1.000000e+00  1.585286e-01  5.491350e-02 
 1.585338e-01  1.000000e+00  1.585338e-01  9.930432e-02 
 1.585417e-01  1.000000e+00  1.585417e-01  1.662377e-01 
 1.585517e-01  1.000000e+00  1.585517e-01  2.499108e-01 
 1.585617e-01  1.000000e+00  1.585617e-01  3.317484e-01 
 1.585717e-01  1.000000e+00  1.585717e-01  4.114503e-01 
 1.585817e-01  1.000000e+00  1.585817e-01  4.887274e-01 
 1.585917e-01  1.000000e+00  1.585917e-01  5.633034e-01 
 1.586017e-01  1.000000e+00  1.586017e-01  6.349152e-01 
 1.586117e-01  1.000000e+00  1.586117e-01  7.033138e-01 
 1.586217e-01  1.000000e+00  1.586217e-01  7.682655e-01 
 1.586317e-01  1.000000e+00  1.586317e-01  8.295523e-01 
 1.586417e-01  1.000000e+00  1.586417e-01  8.869729e-01 
 1.586517e-01  1.000000e+00  1.586517e-01  9.403430e-01 
 1.586617e-01  1.000000e+00  1.586617e-01  9.894959e-01 
 1.586717e-01  1.000000e+00  1.586717e-01  1.034283e+00 
 1.586817e-01  1.000000e+00  1.586817e-01  1.074575e+00 
 1.586917e-01  1.000000e+00  1.586917e-01  1.110260e+00 
 1.587017e-01  1.000000e+00  1.587017e-01  1.141247e+00 
 1.587117e-01  1.000000e+00  1.587117e-01  1.167463e+00 
 1.587217e-01  1.000000e+00  1.587217e-01  1.188854e+00 
 1.587317e-01  1.000000e+00  1.587317e-01  1.205387e+00 
 1.587417e-01  1.000000e+00  1.587417e-01  1.217047e+00 
 1.587517e-01  1.000000e+00  1.587517e-01  1.223839e+00 
 1.587617e-01  1.000000e+00  1.587617e-01  1.225785e+00 
 1.587717e-01  1.000000e+00  1.587717e-01  1.222928e+00 
 1.587817e-01  1.000000e+00  1.587817e-01  1.215328e+00 
 1.587917e-01  1.000000e+00  1.587917e-01  1.203064e+00 
 1.588017e-01  1.000000e+00  1.588017e-01  1.186232e+00 
 1.588117e-01  1.000000e+00  1.588117e-01  1.164943e+00 
 1.588217e-01  1.000000e+00  1.588217e-01  1.139326e+00 
 1.588317e-01  1.000000e+00  1.588317e-01  1.109526e+00 
 1.588417e-01  1.000000e+00  1.588417e-01  1.075702e+00 
 1.588517e-01  1.000000e+00  1.588517e-01  1.038027e+00 
 1.588617e-01  1.000000e+00  1.588617e-01  9.966871e-01 
 1.588717e-01  1.000000e+00  1.588717e-01  9.518815e-01 
 1.588817e-01  1.000000e+00  1.588817e-01  9.038203e-01 
 1.588917e-01  1.000000e+00  1.588917e-01  8.527244e-01 
 1.589017e-01  1.000000e+00  1.589017e-01  7.988241e-01 
 1.589117e-01  1.000000e+00  1.589117e-01  7.423583e-01 
 1.589217e-01  1.000000e+00  1.589217e-01  6.835736e-01 
 1.589317e-01  1.000000e+00  1.589317e-01  6.227231e-01 
 1.589417e-01  1.000000e+00  1.589417e-01  5.600651e-01 
 1.589517e-01  1.000000e+00  1.589517e-01  4.958626e-01 
 1.589617e-01  1.000000e+00  1.589617e-01  4.303818e-01 
 1.589717e-01  1.000000e+00  1.589717e-01  3.638912e-01 
 1.589817e-01  1.000000e+00  1.589817e-01  2.966603e-01 
 1.589917e-01  1.000000e+00  1.589917e-01  2.289591e-01 
 1.590000e-01  1.000000e+00  1.590000e-01  1.722923e-01 
 1.590010e-01  8.000000e-01  1.590010e-01  1.652993e-01 
 1.590030e-01  4.000000e-01  1.590030e-01  1.509172e-01 
 1.590070e-01 -4.000000e-01  1.590070e-01  1.197874e-01 
 1.590100e-01 -1.000000e+00  1.590100e-01  9.438364e-02 
 1.590104e-01 -1.000000e+00  1.590104e-01  9.069119e-02 
 1.590113e-01 -1.000000e+00  1.590113e-01  8.330822e-02 
 1.590130e-01 -1.000000e+00  1.590130e-01  6.855476e-02 
 1.590153e-01 -1.000000e+00  1.590153e-01  4.830466e-02 
 1.590187e-01 -1.000000e+00  1.590187e-01  1.855991e-02 
 1.590239e-01 -1.000000e+00  1.590239e-01 -2.662748e-02 
 1.590318e-01 -1.000000e+00  1.590318e-01 -9.489417e-02 
 1.590418e-01 -1.000000e+00  1.590418e-01 -1.798378e-01 
 1.590518e-01 -1.000000e+00  1.590518e-01 -2.632121e-01 
 1.590618e-01 -1.000000e+00  1.590618e-01 -3.447078e-01 
 1.590718e-01 -1.000000e+00  1.590718e-01 -4.240266e-01 
 1.590818e-01 -1.000000e+00  1.590818e-01 -5.008814e-01 
 1.590918e-01 -1.000000e+00  1.590918e-01 -5.749978e-01 
 1.591018e-01 -1.000000e+00  1.591018e-01 -6.461148e-01 
 1.591118e-01 -1.000000e+00  1.591118e-01 -7.139860e-01 
 1.591218e-01 -1.000000e+00  1.591218e-01 -7.783798e-01 
 1.591318e-01 -1.000000e+00  1.591318e-01 -8.390809e-01 
 1.591418e-01 -1.000000e+00  1.591418e-01 -8.958905e-01 
 1.591518e-01 -1.000000e+00  1.591518e-01 -9.486270e-01 
 1.591618e-01 -1.000000e+00  1.591618e-01 -9.971264e-01 
 1.591718e-01 -1.000000e+00  1.591718e-01 -1.041243e+00 
 1.591818e-01 -1.000000e+00  1.591818e-01 -1.080850e+00 
 1.591918e-01 -1.000000e+00  1.591918e-01 -1.115839e+00 
 1.592018e-01 -1.000000e+00  1.592018e-01 -1.146121e+00 
 1.592118e-01 -1.000000e+00  1.592118e-01 -1.171627e+00 
 1.592218e-01 -1.000000e+00  1.592218e-01 -1.192305e+00 
 1.592318e-01 -1.000000e+00  1.592318e-01 -1.208124e+00 
 1.592418e-01 -1.000000e+00  1.592418e-01 -1.219074e+00 
 1.592518e-01 -1.000000e+00  1.592518e-01 -1.225160e+00 
 1.592618e-01 -1.000000e+00  1.592618e-01 -1.226410e+00 
 1.592718e-01 -1.000000e+00  1.592718e-01 -1.222868e+00 
 1.592818e-01 -1.000000e+00  1.592818e-01 -1.214596e+00 
 1.592918e-01 -1.000000e+00  1.592918e-01 -1.201677e+00 
 1.593018e-01 -1.000000e+00  1.593018e-01 -1.184207e+00 
 1.593118e-01 -1.000000e+00  1.593118e-01 -1.162301e+00 
 1.593218e-01 -1.000000e+00  1.593218e-01 -1.136091e+00 
 1.593318e-01 -1.000000e+00  1.593318e-01 -1.105723e+00 
 1.593418e-01 -1.000000e+00  1.593418e-01 -1.071357e+00 
 1.593518e-01 -1.000000e+00  1.593518e-01 -1.033170e+00 
 1.593618e-01 -1.000000e+00  1.593618e-01 -9.913479e-01 
 1.593718e-01 -1.000000e+00  1.593718e-01 -9.460924e-01 
 1.593818e-01 -1.000000e+00  1.593818e-01 -8.976149e-01 
 1.593918e-01 -1.000000e+00  1.593918e-01 -8.461375e-01 
 1.594018e-01 -1.000000e+00  1.594018e-01 -7.918915e-01 
 1.594118e-01 -1.000000e+00  1.594118e-01 -7.351170e-01 
 1.594218e-01 -1.000000e+00  1.594218e-01 -6.760612e-01 
 1.594318e-01 -1.000000e+00  1.594318e-01 -6.149779e-01 
 1.594418e-01 -1.000000e+00  1.594418e-01 -5.521259e-01 
 1.594518e-01 -1.000000e+00  1.594518e-01 -4.877685e-01 
 1.594618e-01 -1.000000e+00  1.594618e-01 -4.221720e-01 
 1.594718e-01 -1.000000e+00  1.594718e-01 -3.556051e-01 
 1.594818e-01 -1.000000e+00  1.594818e-01 -2.883371e-01 
 1.594918e-01 -1.000000e+00  1.594918e-01 -2.206376e-01 
 1.595018e-01 -1.000000e+00  1.595018e-01 -1.527750e-01 
 1.595100e-01 -1.000000e+00  1.595100e-01 -9.731744e-02 
 1.595110e-01 -8.000000e-01  1.595110e-01 -9.035142e-02 
 1.595130e-01 -4.000000e-01  1.595130e-01 -7.602911e-02 
 1.595170e-01  4.000000e-01  1.595170e-01 -4.505455e-02 
 1.595200e-01  1.000000e+00  1.595200e-01 -1.979819e-02 
 1.595204e-01  1.000000e+00  1.595204e-01 -1.614656e-02 
 1.595213e-01  1.000000e+00  1.595213e-01 -8.846244e-03 
 1.595229e-01  1.000000e+00  1.595229e-01  5.735870e-03 
 1.595252e-01  1.000000e+00  1.595252e-01  2.568786e-02 
 1.595286e-01  1.000000e+00  1.595286e-01  5.491350e-02 
 1.595338e-01  1.000000e+00  1.595338e-01  9.930432e-02 
 1.595417e-01  1.000000e+00  1.595417e-01  1.662377e-01 
 1.595517e-01  1.000000e+00  1.595517e-01  2.499108e-01 
 1.595617e-01  1.000000e+00  1.595617e-01  3.317484e-01 
 1.595717e-01  1.000000e+00  1.595717e-01  4.114503e-01 
 1.595817e-01  1.000000e+00  1.595817e-01  4.887274e-01 
 1.595917e-01  1.000000e+00  1.595917e-01  5.633034e-01 
 1.596017e-01  1.000000e+00  1.596017e-01  6.349152e-01 
 1.596117e-01  1.000000e+00  1.596117e-01  7.033138e-01 
 1.596217e-01  1.000000e+00  1.596217e-01  7.682655e-01 
 1.596317e-01  1.000000e+00  1.596317e-01  8.295523e-01 
 1.596417e-01  1.000000e+00  1.596417e-01  8.869729e-01 
 1.596517e-01  1.000000e+00  1.596517e-01  9.403430e-01 
 1.596617e-01  1.000000e+00  1.596617e-01  9.894959e-01 
 1.596717e-01  1.000000e+00  1.596717e-01  1.034283e+00 
 1.596817e-01  1.000000e+00  1.596817e-01  1.074575e+00 
 1.596917e-01  1.000000e+00  1.596917e-01  1.110260e+00 
 1.597017e-01  1.000000e+00  1.597017e-01  1.141247e+00 
 1.597117e-01  1.000000e+00  1.597117e-01  1.167463e+00 
 1.597217e-01  1.000000e+00  1.597217e-01  1.188854e+00 
 1.597317e-01  1.000000e+00  1.597317e-01  1.205387e+00 
 1.597417e-01  1.000000e+00  1.597417e-01  1.217047e+00 
 1.597517e-01  1.000000e+00  1.597517e-01  1.223839e+00 
 1.597617e-01  1.000000e+00  1.597617e-01  1.225785e+00 
 1.597717e-01  1.000000e+00  1.597717e-01  1.222928e+00 
 1.597817e-01  1.000000e+00  1.597817e-01  1.215328e+00 
 1.597917e-01  1.000000e+00  1.597917e-01  1.203064e+00 
 1.598017e-01  1.000000e+00  1.598017e-01  1.186232e+00 
 1.598117e-01  1.000000e+00  1.598117e-01  1.164943e+00 
 1.598217e-01  1.000000e+00  1.598217e-01  1.139326e+00 
 1.598317e-01  1.000000e+00  1.598317e-01  1.109526e+00 
 1.598417e-01  1.000000e+00  1.598417e-01  1.075702e+00 
 1.598517e-01  1.000000e+00  1.598517e-01  1.038027e+00 
 1.598617e-01  1.000000e+00  1.598617e-01  9.966871e-01 
 1.598717e-01  1.000000e+00  1.598717e-01  9.518815e-01 
 1.598817e-01  1.000000e+00  1.598817e-01  9.038203e-01 
 1.598917e-01  1.000000e+00  1.598917e-01  8.527244e-01 
 1.599017e-01  1.000000e+00  1.599017e-01  7.988241e-01 
 1.599117e-01  1.000000e+00  1.599117e-01  7.423583e-01 
 1.599217e-01  1.000000e+00  1.599217e-01  6.835736e-01 
 1.599317e-01  1.000000e+00  1.599317e-01  6.227231e-01 
 1.599417e-01  1.000000e+00  1.599417e-01  5.600651e-01 
 1.599517e-01  1.000000e+00  1.599517e-01  4.958626e-01 
 1.599617e-01  1.000000e+00  1.599617e-01  4.303818e-01 
 1.599717e-01  1.000000e+00  1.599717e-01  3.638912e-01 
 1.599817e-01  1.000000e+00  1.599817e-01  2.966603e-01 
 1.599917e-01  1.000000e+00  1.599917e-01  2.289591e-01 
 1.600000e-01  1.000000e+00  1.600000e-01  1.722923e-01 
