 1.500000e-01  1.000000e+00  1.500000e-01  7.071394e-02 
 1.500008e-01  8.421352e-01  1.500008e-01  7.067515e-02 
 1.500024e-01  5.264056e-01  1.500024e-01  7.026924e-02 
 1.500055e-01 -1.050537e-01  1.500055e-01  6.749983e-02 
 1.500088e-01 -7.520077e-01  1.500088e-01  6.199169e-02 
 1.500100e-01 -1.000000e+00  1.500100e-01  5.917455e-02 
 1.500105e-01 -1.000000e+00  1.500105e-01  5.800116e-02 
 1.500114e-01 -1.000000e+00  1.500114e-01  5.563237e-02 
 1.500134e-01 -1.000000e+00  1.500134e-01  5.076922e-02 
 1.500160e-01 -1.000000e+00  1.500160e-01  4.382930e-02 
 1.500203e-01 -1.000000e+00  1.500203e-01  3.195407e-02 
 1.500274e-01 -1.000000e+00  1.500274e-01  1.174698e-02 
 1.500372e-01 -1.000000e+00  1.500372e-01 -1.670285e-02 
 1.500461e-01 -1.000000e+00  1.500461e-01 -4.083969e-02 
 1.500561e-01 -1.000000e+00  1.500561e-01 -6.393364e-02 
 1.500661e-01 -1.000000e+00  1.500661e-01 -8.093878e-02 
 1.500761e-01 -1.000000e+00  1.500761e-01 -9.044357e-02 
 1.500856e-01 -1.000000e+00  1.500856e-01 -9.185514e-02 
 1.500953e-01 -1.000000e+00  1.500953e-01 -8.565858e-02 
 1.501053e-01 -1.000000e+00  1.501053e-01 -7.186284e-02 
 1.501153e-01 -1.000000e+00  1.501153e-01 -5.190121e-02 
 1.501253e-01 -1.000000e+00  1.501253e-01 -2.765776e-02 
 1.501353e-01 -1.000000e+00  1.501353e-01 -1.365986e-03 
 1.501448e-01 -1.000000e+00  1.501448e-01  2.321621e-02 
 1.501538e-01 -1.000000e+00  1.501538e-01  4.466653e-02 
 1.501638e-01 -1.000000e+00  1.501638e-01  6.413407e-02 
 1.501738e-01 -1.000000e+00  1.501738e-01  7.755072e-02 
 1.501838e-01 -1.000000e+00  1.501838e-01  8.382396e-02 
 1.501938e-01 -1.000000e+00  1.501938e-01  8.251665e-02 
 1.502027e-01 -1.000000e+00  1.502027e-01  7.516023e-02 
 1.502116e-01 -1.000000e+00  1.502116e-01  6.249537e-02 
 1.502203e-01 -1.000000e+00  1.502203e-01  4.605193e-02 
 1.502299e-01 -1.000000e+00  1.502299e-01  2.477845e-02 
 1.502399e-01 -1.000000e+00  1.502399e-01  7.342581e-04 
 1.502492e-01 -1.000000e+00  1.502492e-01 -2.140841e-02 
 1.502582e-01 -1.000000e+00  1.502582e-01 -4.107368e-02 
 1.502682e-01 -1.000000e+00  1.502682e-01 -5.882169e-02 
 1.502782e-01 -1.000000e+00  1.502782e-01 -7.102770e-02 
 1.502882e-01 -1.000000e+00  1.502882e-01 -7.669819e-02 
 1.502978e-01 -1.000000e+00  1.502978e-01 -7.563574e-02 
 1.503078e-01 -1.000000e+00  1.503078e-01 -6.795480e-02 
 1.503178e-01 -1.000000e+00  1.503178e-01 -5.435189e-02 
 1.503278e-01 -1.000000e+00  1.503278e-01 -3.614026e-02 
 1.503378e-01 -1.000000e+00  1.503378e-01 -1.502148e-02 
 1.503478e-01 -1.000000e+00  1.503478e-01  7.072763e-03 
 1.503569e-01 -1.000000e+00  1.503569e-01  2.632914e-02 
 1.503669e-01 -1.000000e+00  1.503669e-01  4.487270e-02 
 1.503769e-01 -1.000000e+00  1.503769e-01  5.909774e-02 
 1.503869e-01 -1.000000e+00  1.503869e-01  6.781017e-02 
 1.503969e-01 -1.000000e+00  1.503969e-01  7.032754e-02 
 1.504069e-01 -1.000000e+00  1.504069e-01  6.653121e-02 
 1.504157e-01 -1.000000e+00  1.504157e-01  5.825834e-02 
 1.504246e-01 -1.000000e+00  1.504246e-01  4.596464e-02 
 1.504333e-01 -1.000000e+00  1.504333e-01  3.083668e-02 
 1.504433e-01 -1.000000e+00  1.504433e-01  1.133831e-02 
 1.504533e-01 -1.000000e+00  1.504533e-01 -8.841003e-03 
 1.504625e-01 -1.000000e+00  1.504625e-01 -2.634745e-02 
 1.504725e-01 -1.000000e+00  1.504725e-01 -4.288966e-02 
 1.504825e-01 -1.000000e+00  1.504825e-01 -5.533032e-02 
 1.504925e-01 -1.000000e+00  1.504925e-01 -6.263069e-02 
 1.505024e-01 -1.000000e+00  1.505024e-01 -6.424284e-02 
 1.505100e-01 -1.000000e+00  1.505100e-01 -6.160321e-02 
 1.505110e-01 -8.055918e-01  1.505110e-01 -6.081538e-02 
 1.505129e-01 -4.167755e-01  1.505129e-01 -5.876306e-02 
 1.505168e-01  3.608571e-01  1.505168e-01 -5.183916e-02 
 1.505200e-01  1.000000e+00  1.505200e-01 -4.339799e-02 
 1.505204e-01  1.000000e+00  1.505204e-01 -4.224646e-02 
 1.505211e-01  1.000000e+00  1.505211e-01 -3.993406e-02 
 1.505227e-01  1.000000e+00  1.505227e-01 -3.525695e-02 
 1.505246e-01  1.000000e+00  1.505246e-01 -2.929071e-02 
 1.505274e-01  1.000000e+00  1.505274e-01 -2.028989e-02 
 1.505319e-01  1.000000e+00  1.505319e-01 -5.794921e-03 
 1.505385e-01  1.000000e+00  1.505385e-01  1.533348e-02 
 1.505468e-01  1.000000e+00  1.505468e-01  4.046047e-02 
 1.505568e-01  1.000000e+00  1.505568e-01  6.679682e-02 
 1.505668e-01  1.000000e+00  1.505668e-01  8.672832e-02 
 1.505768e-01  1.000000e+00  1.505768e-01  9.858787e-02 
 1.505864e-01  1.000000e+00  1.505864e-01  1.015132e-01 
 1.505960e-01  1.000000e+00  1.505960e-01  9.604033e-02 
 1.506060e-01  1.000000e+00  1.506060e-01  8.205080e-02 
 1.506160e-01  1.000000e+00  1.506160e-01  6.098491e-02 
 1.506260e-01  1.000000e+00  1.506260e-01  3.484079e-02 
 1.506360e-01  1.000000e+00  1.506360e-01  6.034953e-03 
 1.506460e-01  1.000000e+00  1.506460e-01 -2.281985e-02 
 1.506550e-01  1.000000e+00  1.506550e-01 -4.676855e-02 
 1.506650e-01  1.000000e+00  1.506650e-01 -6.883080e-02 
 1.506750e-01  1.000000e+00  1.506750e-01 -8.438490e-02 
 1.506850e-01  1.000000e+00  1.506850e-01 -9.215577e-02 
 1.506950e-01  1.000000e+00  1.506950e-01 -9.158384e-02 
 1.507039e-01  1.000000e+00  1.507039e-01 -8.418242e-02 
 1.507129e-01  1.000000e+00  1.507129e-01 -7.081419e-02 
 1.507216e-01  1.000000e+00  1.507216e-01 -5.310788e-02 
 1.507313e-01  1.000000e+00  1.507313e-01 -2.950735e-02 
 1.507413e-01  1.000000e+00  1.507413e-01 -3.073535e-03 
 1.507511e-01  1.000000e+00  1.507511e-01  2.256503e-02 
 1.507601e-01  1.000000e+00  1.507601e-01  4.429327e-02 
 1.507701e-01  1.000000e+00  1.507701e-01  6.408413e-02 
 1.507801e-01  1.000000e+00  1.507801e-01  7.782355e-02 
 1.507901e-01  1.000000e+00  1.507901e-01  8.439029e-02 
 1.507997e-01  1.000000e+00  1.507997e-01  8.351093e-02 
 1.508092e-01  1.000000e+00  1.508092e-01  7.592145e-02 
 1.508192e-01  1.000000e+00  1.508192e-01  6.146806e-02 
 1.508292e-01  1.000000e+00  1.508292e-01  4.178055e-02 
 1.508392e-01  1.000000e+00  1.508392e-01  1.870274e-02 
 1.508492e-01  1.000000e+00  1.508492e-01 -5.650769e-03 
 1.508583e-01  1.000000e+00  1.508583e-01 -2.714759e-02 
 1.508682e-01  1.000000e+00  1.508682e-01 -4.783761e-02 
 1.508782e-01  1.000000e+00  1.508782e-01 -6.402164e-02 
 1.508882e-01  1.000000e+00  1.508882e-01 -7.422640e-02 
 1.508982e-01  1.000000e+00  1.508982e-01 -7.764455e-02 
 1.509082e-01  1.000000e+00  1.509082e-01 -7.408728e-02 
 1.509179e-01  1.000000e+00  1.509179e-01 -6.442249e-02 
 1.509268e-01  1.000000e+00  1.509268e-01 -5.095543e-02 
 1.509356e-01  1.000000e+00  1.509356e-01 -3.405745e-02 
 1.509456e-01  1.000000e+00  1.509456e-01 -1.255850e-02 
 1.509556e-01  1.000000e+00  1.509556e-01  9.690455e-03 
 1.509648e-01  1.000000e+00  1.509648e-01  2.897643e-02 
 1.509748e-01  1.000000e+00  1.509748e-01  4.721684e-02 
 1.509848e-01  1.000000e+00  1.509848e-01  6.093553e-02 
 1.509948e-01  1.000000e+00  1.509948e-01  6.898696e-02 
 1.510000e-01  1.000000e+00  1.510000e-01  7.071336e-02 
 1.510008e-01  8.422594e-01  1.510008e-01  7.067472e-02 
 1.510024e-01  5.267783e-01  1.510024e-01  7.026960e-02 
 1.510055e-01 -1.041839e-01  1.510055e-01  6.750486e-02 
 1.510088e-01 -7.508642e-01  1.510088e-01  6.200314e-02 
 1.510100e-01 -1.000000e+00  1.510100e-01  5.917389e-02 
 1.510105e-01 -1.000000e+00  1.510105e-01  5.799493e-02 
 1.510114e-01 -1.000000e+00  1.510114e-01  5.561482e-02 
 1.510134e-01 -1.000000e+00  1.510134e-01  5.072790e-02 
 1.510160e-01 -1.000000e+00  1.510160e-01  4.375529e-02 
 1.510204e-01 -1.000000e+00  1.510204e-01  3.179557e-02 
 1.510274e-01 -1.000000e+00  1.510274e-01  1.147009e-02 
 1.510373e-01 -1.000000e+00  1.510373e-01 -1.705885e-02 
 1.510463e-01 -1.000000e+00  1.510463e-01 -4.116876e-02 
 1.510563e-01 -1.000000e+00  1.510563e-01 -6.419572e-02 
 1.510663e-01 -1.000000e+00  1.510663e-01 -8.111165e-02 
 1.510763e-01 -1.000000e+00  1.510763e-01 -9.051336e-02 
 1.510858e-01 -1.000000e+00  1.510858e-01 -9.182451e-02 
 1.510954e-01 -1.000000e+00  1.510954e-01 -8.554231e-02 
 1.511054e-01 -1.000000e+00  1.511054e-01 -7.166785e-02 
 1.511154e-01 -1.000000e+00  1.511154e-01 -5.164622e-02 
 1.511254e-01 -1.000000e+00  1.511254e-01 -2.736652e-02 
 1.511354e-01 -1.000000e+00  1.511354e-01 -1.065067e-03 
 1.511448e-01 -1.000000e+00  1.511448e-01  2.336297e-02 
 1.511539e-01 -1.000000e+00  1.511539e-01  4.480017e-02 
 1.511639e-01 -1.000000e+00  1.511639e-01  6.423538e-02 
 1.511739e-01 -1.000000e+00  1.511739e-01  7.761123e-02 
 1.511839e-01 -1.000000e+00  1.511839e-01  8.383897e-02 
 1.511939e-01 -1.000000e+00  1.511939e-01  8.248560e-02 
 1.512027e-01 -1.000000e+00  1.512027e-01  7.509197e-02 
 1.512117e-01 -1.000000e+00  1.512117e-01  6.239621e-02 
 1.512204e-01 -1.000000e+00  1.512204e-01  4.593094e-02 
 1.512299e-01 -1.000000e+00  1.512299e-01  2.458033e-02 
 1.512399e-01 -1.000000e+00  1.512399e-01  5.298964e-04 
 1.512492e-01 -1.000000e+00  1.512492e-01 -2.152050e-02 
 1.512583e-01 -1.000000e+00  1.512583e-01 -4.117102e-02 
 1.512683e-01 -1.000000e+00  1.512683e-01 -5.889537e-02 
 1.512783e-01 -1.000000e+00  1.512783e-01 -7.107157e-02 
 1.512883e-01 -1.000000e+00  1.512883e-01 -7.670803e-02 
 1.512978e-01 -1.000000e+00  1.512978e-01 -7.561699e-02 
 1.513078e-01 -1.000000e+00  1.513078e-01 -6.790896e-02 
 1.513178e-01 -1.000000e+00  1.513178e-01 -5.428352e-02 
 1.513278e-01 -1.000000e+00  1.513278e-01 -3.605582e-02 
 1.513378e-01 -1.000000e+00  1.513378e-01 -1.492879e-02 
 1.513478e-01 -1.000000e+00  1.513478e-01  7.165322e-03 
 1.513569e-01 -1.000000e+00  1.513569e-01  2.641326e-02 
 1.513669e-01 -1.000000e+00  1.513669e-01  4.494189e-02 
 1.513769e-01 -1.000000e+00  1.513769e-01  5.914610e-02 
 1.513869e-01 -1.000000e+00  1.513869e-01  6.783373e-02 
 1.513969e-01 -1.000000e+00  1.513969e-01  7.032463e-02 
 1.514069e-01 -1.000000e+00  1.514069e-01  6.650254e-02 
 1.514158e-01 -1.000000e+00  1.514158e-01  5.820924e-02 
 1.514246e-01 -1.000000e+00  1.514246e-01  4.589990e-02 
 1.514334e-01 -1.000000e+00  1.514334e-01  3.076139e-02 
 1.514434e-01 -1.000000e+00  1.514434e-01  1.125661e-02 
 1.514534e-01 -1.000000e+00  1.514534e-01 -8.921722e-03 
 1.514625e-01 -1.000000e+00  1.514625e-01 -2.642025e-02 
 1.514725e-01 -1.000000e+00  1.514725e-01 -4.294861e-02 
 1.514825e-01 -1.000000e+00  1.514825e-01 -5.537040e-02 
 1.514925e-01 -1.000000e+00  1.514925e-01 -6.264864e-02 
 1.515024e-01 -1.000000e+00  1.515024e-01 -6.423810e-02 
 1.515100e-01 -1.000000e+00  1.515100e-01 -6.160240e-02 
 1.515110e-01 -8.056407e-01  1.515110e-01 -6.081475e-02 
 1.515129e-01 -4.169220e-01  1.515129e-01 -5.876305e-02 
 1.515168e-01  3.605152e-01  1.515168e-01 -5.184179e-02 
 1.515200e-01  1.000000e+00  1.515200e-01 -4.339657e-02 
 1.515204e-01  1.000000e+00  1.515204e-01 -4.224529e-02 
 1.515211e-01  1.000000e+00  1.515211e-01 -3.993338e-02 
 1.515227e-01  1.000000e+00  1.515227e-01 -3.525729e-02 
 1.515246e-01  1.000000e+00  1.515246e-01 -2.929216e-02 
 1.515274e-01  1.000000e+00  1.515274e-01 -2.029402e-02 
 1.515319e-01  1.000000e+00  1.515319e-01 -5.804605e-03 
 1.515385e-01  1.000000e+00  1.515385e-01  1.531472e-02 
 1.515468e-01  1.000000e+00  1.515468e-01  4.043481e-02 
 1.515568e-01  1.000000e+00  1.515568e-01  6.677635e-02 
 1.515668e-01  1.000000e+00  1.515668e-01  8.671477e-02 
 1.515768e-01  1.000000e+00  1.515768e-01  9.858233e-02 
 1.515864e-01  1.000000e+00  1.515864e-01  1.015156e-01 
 1.515960e-01  1.000000e+00  1.515960e-01  9.605375e-02 
 1.516060e-01  1.000000e+00  1.516060e-01  8.207377e-02 
 1.516160e-01  1.000000e+00  1.516160e-01  6.101522e-02 
 1.516260e-01  1.000000e+00  1.516260e-01  3.487560e-02 
 1.516360e-01  1.000000e+00  1.516360e-01  6.071101e-03 
 1.516460e-01  1.000000e+00  1.516460e-01 -2.278562e-02 
 1.516550e-01  1.000000e+00  1.516550e-01 -4.673904e-02 
 1.516650e-01  1.000000e+00  1.516650e-01 -6.880843e-02 
 1.516750e-01  1.000000e+00  1.516750e-01 -8.437156e-02 
 1.516850e-01  1.000000e+00  1.516850e-01 -9.215248e-02 
 1.516950e-01  1.000000e+00  1.516950e-01 -9.159073e-02 
 1.517039e-01  1.000000e+00  1.517039e-01 -8.419756e-02 
 1.517129e-01  1.000000e+00  1.517129e-01 -7.083619e-02 
 1.517216e-01  1.000000e+00  1.517216e-01 -5.313472e-02 
 1.517313e-01  1.000000e+00  1.517313e-01 -2.955081e-02 
 1.517413e-01  1.000000e+00  1.517413e-01 -3.118394e-03 
 1.517511e-01  1.000000e+00  1.517511e-01  2.254008e-02 
 1.517601e-01  1.000000e+00  1.517601e-01  4.427178e-02 
 1.517701e-01  1.000000e+00  1.517701e-01  6.406811e-02 
 1.517801e-01  1.000000e+00  1.517801e-01  7.781434e-02 
 1.517901e-01  1.000000e+00  1.517901e-01  8.438860e-02 
 1.517997e-01  1.000000e+00  1.517997e-01  8.351620e-02 
 1.518092e-01  1.000000e+00  1.518092e-01  7.593228e-02 
 1.518192e-01  1.000000e+00  1.518192e-01  6.148397e-02 
 1.518292e-01  1.000000e+00  1.518292e-01  4.180003e-02 
 1.518392e-01  1.000000e+00  1.518392e-01  1.872400e-02 
 1.518492e-01  1.000000e+00  1.518492e-01 -5.629660e-03 
 1.518583e-01  1.000000e+00  1.518583e-01 -2.712934e-02 
 1.518682e-01  1.000000e+00  1.518682e-01 -4.781581e-02 
 1.518782e-01  1.000000e+00  1.518782e-01 -6.400647e-02 
 1.518882e-01  1.000000e+00  1.518882e-01 -7.421909e-02 
 1.518982e-01  1.000000e+00  1.518982e-01 -7.764561e-02 
 1.519082e-01  1.000000e+00  1.519082e-01 -7.409648e-02 
 1.519179e-01  1.000000e+00  1.519179e-01 -6.443257e-02 
 1.519267e-01  1.000000e+00  1.519267e-01 -5.096859e-02 
 1.519356e-01  1.000000e+00  1.519356e-01 -3.407102e-02 
 1.519456e-01  1.000000e+00  1.519456e-01 -1.257292e-02 
 1.519556e-01  1.000000e+00  1.519556e-01  9.676475e-03 
 1.519648e-01  1.000000e+00  1.519648e-01  2.896399e-02 
 1.519748e-01  1.000000e+00  1.519748e-01  4.720705e-02 
 1.519848e-01  1.000000e+00  1.519848e-01  6.092922e-02 
 1.519948e-01  1.000000e+00  1.519948e-01  6.898465e-02 
 1.520000e-01  1.000000e+00  1.520000e-01  7.071435e-02 
 1.520008e-01  8.421166e-01  1.520008e-01  7.067549e-02 
 1.520024e-01  5.263497e-01  1.520024e-01  7.026935e-02 
 1.520055e-01 -1.051839e-01  1.520055e-01  6.749904e-02 
 1.520088e-01 -7.521786e-01  1.520088e-01  6.198973e-02 
 1.520100e-01 -1.000000e+00  1.520100e-01  5.917433e-02 
 1.520105e-01 -1.000000e+00  1.520105e-01  5.800175e-02 
 1.520114e-01 -1.000000e+00  1.520114e-01  5.563462e-02 
 1.520133e-01 -1.000000e+00  1.520133e-01  5.077496e-02 
 1.520160e-01 -1.000000e+00  1.520160e-01  4.383983e-02 
 1.520203e-01 -1.000000e+00  1.520203e-01  3.197714e-02 
 1.520273e-01 -1.000000e+00  1.520273e-01  1.178752e-02 
 1.520372e-01 -1.000000e+00  1.520372e-01 -1.665065e-02 
 1.520461e-01 -1.000000e+00  1.520461e-01 -4.079180e-02 
 1.520561e-01 -1.000000e+00  1.520561e-01 -6.389595e-02 
 1.520661e-01 -1.000000e+00  1.520661e-01 -8.091447e-02 
 1.520761e-01 -1.000000e+00  1.520761e-01 -9.043458e-02 
 1.520856e-01 -1.000000e+00  1.520856e-01 -9.186098e-02 
 1.520953e-01 -1.000000e+00  1.520953e-01 -8.567695e-02 
 1.521053e-01 -1.000000e+00  1.521053e-01 -7.189261e-02 
 1.521153e-01 -1.000000e+00  1.521153e-01 -5.193952e-02 
 1.521253e-01 -1.000000e+00  1.521253e-01 -2.770105e-02 
 1.521353e-01 -1.000000e+00  1.521353e-01 -1.410320e-03 
 1.521447e-01 -1.000000e+00  1.521447e-01  2.319492e-02 
 1.521538e-01 -1.000000e+00  1.521538e-01  4.464750e-02 
 1.521638e-01 -1.000000e+00  1.521638e-01  6.412011e-02 
 1.521738e-01 -1.000000e+00  1.521738e-01  7.754298e-02 
 1.521838e-01 -1.000000e+00  1.521838e-01  8.382303e-02 
 1.521938e-01 -1.000000e+00  1.521938e-01  8.252249e-02 
 1.522027e-01 -1.000000e+00  1.522027e-01  7.517145e-02 
 1.522116e-01 -1.000000e+00  1.522116e-01  6.251095e-02 
 1.522203e-01 -1.000000e+00  1.522203e-01  4.607049e-02 
 1.522298e-01 -1.000000e+00  1.522298e-01  2.480781e-02 
 1.522398e-01 -1.000000e+00  1.522398e-01  7.641720e-04 
 1.522492e-01 -1.000000e+00  1.522492e-01 -2.139234e-02 
 1.522582e-01 -1.000000e+00  1.522582e-01 -4.106005e-02 
 1.522682e-01 -1.000000e+00  1.522682e-01 -5.881180e-02 
 1.522782e-01 -1.000000e+00  1.522782e-01 -7.102237e-02 
 1.522882e-01 -1.000000e+00  1.522882e-01 -7.669793e-02 
 1.522978e-01 -1.000000e+00  1.522978e-01 -7.563965e-02 
 1.523078e-01 -1.000000e+00  1.523078e-01 -6.796256e-02 
 1.523178e-01 -1.000000e+00  1.523178e-01 -5.436274e-02 
 1.523278e-01 -1.000000e+00  1.523278e-01 -3.615318e-02 
 1.523378e-01 -1.000000e+00  1.523378e-01 -1.503529e-02 
 1.523478e-01 -1.000000e+00  1.523478e-01  7.059320e-03 
 1.523569e-01 -1.000000e+00  1.523569e-01  2.631723e-02 
 1.523669e-01 -1.000000e+00  1.523669e-01  4.486327e-02 
 1.523769e-01 -1.000000e+00  1.523769e-01  5.909158e-02 
 1.523869e-01 -1.000000e+00  1.523869e-01  6.780776e-02 
 1.523969e-01 -1.000000e+00  1.523969e-01  7.032906e-02 
 1.524069e-01 -1.000000e+00  1.524069e-01  6.653644e-02 
 1.524157e-01 -1.000000e+00  1.524157e-01  5.826642e-02 
 1.524246e-01 -1.000000e+00  1.524246e-01  4.597482e-02 
 1.524333e-01 -1.000000e+00  1.524333e-01  3.084817e-02 
 1.524433e-01 -1.000000e+00  1.524433e-01  1.135044e-02 
 1.524533e-01 -1.000000e+00  1.524533e-01 -8.829327e-03 
 1.524625e-01 -1.000000e+00  1.524625e-01 -2.633720e-02 
 1.524725e-01 -1.000000e+00  1.524725e-01 -4.288170e-02 
 1.524825e-01 -1.000000e+00  1.524825e-01 -5.532531e-02 
 1.524925e-01 -1.000000e+00  1.524925e-01 -6.262903e-02 
 1.525023e-01 -1.000000e+00  1.525023e-01 -6.424453e-02 
 1.525100e-01 -1.000000e+00  1.525100e-01 -6.160401e-02 
 1.525110e-01 -8.055847e-01  1.525110e-01 -6.081611e-02 
 1.525129e-01 -4.167541e-01  1.525129e-01 -5.876363e-02 
 1.525168e-01  3.609071e-01  1.525168e-01 -5.183919e-02 
 1.525200e-01  1.000000e+00  1.525200e-01 -4.339848e-02 
 1.525204e-01  1.000000e+00  1.525204e-01 -4.224690e-02 
 1.525211e-01  1.000000e+00  1.525211e-01 -3.993439e-02 
 1.525227e-01  1.000000e+00  1.525227e-01 -3.525708e-02 
 1.525246e-01  1.000000e+00  1.525246e-01 -2.929059e-02 
 1.525274e-01  1.000000e+00  1.525274e-01 -2.028926e-02 
 1.525319e-01  1.000000e+00  1.525319e-01 -5.793291e-03 
 1.525385e-01  1.000000e+00  1.525385e-01  1.533674e-02 
 1.525468e-01  1.000000e+00  1.525468e-01  4.046504e-02 
 1.525568e-01  1.000000e+00  1.525568e-01  6.680091e-02 
 1.525668e-01  1.000000e+00  1.525668e-01  8.673156e-02 
 1.525768e-01  1.000000e+00  1.525768e-01  9.858999e-02 
 1.525864e-01  1.000000e+00  1.525864e-01  1.015141e-01 
 1.525960e-01  1.000000e+00  1.525960e-01  9.603948e-02 
 1.526060e-01  1.000000e+00  1.526060e-01  8.204831e-02 
 1.526160e-01  1.000000e+00  1.526160e-01  6.098104e-02 
 1.526260e-01  1.000000e+00  1.526260e-01  3.483589e-02 
 1.526360e-01  1.000000e+00  1.526360e-01  6.029491e-03 
 1.526460e-01  1.000000e+00  1.526460e-01 -2.282538e-02 
 1.526550e-01  1.000000e+00  1.526550e-01 -4.677366e-02 
 1.526650e-01  1.000000e+00  1.526650e-01 -6.883509e-02 
 1.526750e-01  1.000000e+00  1.526750e-01 -8.438800e-02 
 1.526850e-01  1.000000e+00  1.526850e-01 -9.215743e-02 
 1.526950e-01  1.000000e+00  1.526950e-01 -9.158393e-02 
 1.527039e-01  1.000000e+00  1.527039e-01 -8.418115e-02 
 1.527129e-01  1.000000e+00  1.527129e-01 -7.081171e-02 
 1.527216e-01  1.000000e+00  1.527216e-01 -5.310443e-02 
 1.527313e-01  1.000000e+00  1.527313e-01 -2.950087e-02 
 1.527413e-01  1.000000e+00  1.527413e-01 -3.066507e-03 
 1.527511e-01  1.000000e+00  1.527511e-01  2.256927e-02 
 1.527601e-01  1.000000e+00  1.527601e-01  4.429723e-02 
 1.527701e-01  1.000000e+00  1.527701e-01  6.408747e-02 
 1.527801e-01  1.000000e+00  1.527801e-01  7.782599e-02 
 1.527901e-01  1.000000e+00  1.527901e-01  8.439162e-02 
 1.527997e-01  1.000000e+00  1.527997e-01  8.351116e-02 
 1.528092e-01  1.000000e+00  1.528092e-01  7.592070e-02 
 1.528192e-01  1.000000e+00  1.528192e-01  6.146632e-02 
 1.528292e-01  1.000000e+00  1.528292e-01  4.177799e-02 
 1.528392e-01  1.000000e+00  1.528392e-01  1.869962e-02 
 1.528492e-01  1.000000e+00  1.528492e-01 -5.654178e-03 
 1.528583e-01  1.000000e+00  1.528583e-01 -2.715082e-02 
 1.528682e-01  1.000000e+00  1.528682e-01 -4.784166e-02 
 1.528782e-01  1.000000e+00  1.528782e-01 -6.402485e-02 
 1.528882e-01  1.000000e+00  1.528882e-01 -7.422850e-02 
 1.528982e-01  1.000000e+00  1.528982e-01 -7.764536e-02 
 1.529082e-01  1.000000e+00  1.529082e-01 -7.408676e-02 
 1.529179e-01  1.000000e+00  1.529179e-01 -6.442180e-02 
 1.529268e-01  1.000000e+00  1.529268e-01 -5.095411e-02 
 1.529356e-01  1.000000e+00  1.529356e-01 -3.405590e-02 
 1.529456e-01  1.000000e+00  1.529456e-01 -1.255655e-02 
 1.529556e-01  1.000000e+00  1.529556e-01  9.692614e-03 
 1.529648e-01  1.000000e+00  1.529648e-01  2.897861e-02 
 1.529748e-01  1.000000e+00  1.529748e-01  4.721886e-02 
 1.529848e-01  1.000000e+00  1.529848e-01  6.093721e-02 
 1.529948e-01  1.000000e+00  1.529948e-01  6.898816e-02 
 1.530000e-01  1.000000e+00  1.530000e-01  7.071412e-02 
 1.530008e-01  8.422769e-01  1.530008e-01  7.067549e-02 
 1.530024e-01  5.268308e-01  1.530024e-01  7.027050e-02 
 1.530055e-01 -1.040616e-01  1.530055e-01  6.750642e-02 
 1.530088e-01 -7.507031e-01  1.530088e-01  6.200560e-02 
 1.530100e-01 -1.000000e+00  1.530100e-01  5.917464e-02 
 1.530105e-01 -1.000000e+00  1.530105e-01  5.799488e-02 
 1.530114e-01 -1.000000e+00  1.530114e-01  5.561311e-02 
 1.530134e-01 -1.000000e+00  1.530134e-01  5.072274e-02 
 1.530160e-01 -1.000000e+00  1.530160e-01  4.374537e-02 
 1.530204e-01 -1.000000e+00  1.530204e-01  3.177333e-02 
 1.530275e-01 -1.000000e+00  1.530275e-01  1.143052e-02 
 1.530374e-01 -1.000000e+00  1.530374e-01 -1.711005e-02 
 1.530463e-01 -1.000000e+00  1.530463e-01 -4.121621e-02 
 1.530563e-01 -1.000000e+00  1.530563e-01 -6.423364e-02 
 1.530663e-01 -1.000000e+00  1.530663e-01 -8.113683e-02 
 1.530763e-01 -1.000000e+00  1.530763e-01 -9.052377e-02 
 1.530858e-01 -1.000000e+00  1.530858e-01 -9.182052e-02 
 1.530954e-01 -1.000000e+00  1.530954e-01 -8.552599e-02 
 1.531054e-01 -1.000000e+00  1.531054e-01 -7.164016e-02 
 1.531154e-01 -1.000000e+00  1.531154e-01 -5.160982e-02 
 1.531254e-01 -1.000000e+00  1.531254e-01 -2.732479e-02 
 1.531354e-01 -1.000000e+00  1.531354e-01 -1.021830e-03 
 1.531448e-01 -1.000000e+00  1.531448e-01  2.338414e-02 
 1.531539e-01 -1.000000e+00  1.531539e-01  4.481958e-02 
 1.531639e-01 -1.000000e+00  1.531639e-01  6.425025e-02 
 1.531739e-01 -1.000000e+00  1.531739e-01  7.762031e-02 
 1.531839e-01 -1.000000e+00  1.531839e-01  8.384156e-02 
 1.531939e-01 -1.000000e+00  1.531939e-01  8.248157e-02 
 1.532027e-01 -1.000000e+00  1.532027e-01  7.508257e-02 
 1.532117e-01 -1.000000e+00  1.532117e-01  6.238231e-02 
 1.532204e-01 -1.000000e+00  1.532204e-01  4.591382e-02 
 1.532300e-01 -1.000000e+00  1.532300e-01  2.455196e-02 
 1.532400e-01 -1.000000e+00  1.532400e-01  5.005030e-04 
 1.532492e-01 -1.000000e+00  1.532492e-01 -2.153671e-02 
 1.532583e-01 -1.000000e+00  1.532583e-01 -4.118522e-02 
 1.532683e-01 -1.000000e+00  1.532683e-01 -5.890627e-02 
 1.532783e-01 -1.000000e+00  1.532783e-01 -7.107824e-02 
 1.532883e-01 -1.000000e+00  1.532883e-01 -7.670986e-02 
 1.532979e-01 -1.000000e+00  1.532979e-01 -7.561470e-02 
 1.533079e-01 -1.000000e+00  1.533079e-01 -6.790274e-02 
 1.533179e-01 -1.000000e+00  1.533179e-01 -5.427399e-02 
 1.533279e-01 -1.000000e+00  1.533279e-01 -3.604389e-02 
 1.533379e-01 -1.000000e+00  1.533379e-01 -1.491555e-02 
 1.533479e-01 -1.000000e+00  1.533479e-01  7.178655e-03 
 1.533569e-01 -1.000000e+00  1.533569e-01  2.642548e-02 
 1.533669e-01 -1.000000e+00  1.533669e-01  4.495207e-02 
 1.533769e-01 -1.000000e+00  1.533769e-01  5.915336e-02 
 1.533869e-01 -1.000000e+00  1.533869e-01  6.783747e-02 
 1.533969e-01 -1.000000e+00  1.533969e-01  7.032459e-02 
 1.534069e-01 -1.000000e+00  1.534069e-01  6.649878e-02 
 1.534158e-01 -1.000000e+00  1.534158e-01  5.820250e-02 
 1.534246e-01 -1.000000e+00  1.534246e-01  4.589084e-02 
 1.534334e-01 -1.000000e+00  1.534334e-01  3.075074e-02 
 1.534434e-01 -1.000000e+00  1.534434e-01  1.124494e-02 
 1.534534e-01 -1.000000e+00  1.534534e-01 -8.933366e-03 
 1.534625e-01 -1.000000e+00  1.534625e-01 -2.643085e-02 
 1.534725e-01 -1.000000e+00  1.534725e-01 -4.295731e-02 
 1.534825e-01 -1.000000e+00  1.534825e-01 -5.537646e-02 
 1.534925e-01 -1.000000e+00  1.534925e-01 -6.265156e-02 
 1.535024e-01 -1.000000e+00  1.535024e-01 -6.423777e-02 
 1.535100e-01 -1.000000e+00  1.535100e-01 -6.160274e-02 
 1.535110e-01 -8.056477e-01  1.535110e-01 -6.081513e-02 
 1.535129e-01 -4.169431e-01  1.535129e-01 -5.876354e-02 
 1.535168e-01  3.604661e-01  1.535168e-01 -5.184268e-02 
 1.535200e-01  1.000000e+00  1.535200e-01 -4.339689e-02 
 1.535204e-01  1.000000e+00  1.535204e-01 -4.224565e-02 
 1.535211e-01  1.000000e+00  1.535211e-01 -3.993381e-02 
 1.535227e-01  1.000000e+00  1.535227e-01 -3.525788e-02 
 1.535246e-01  1.000000e+00  1.535246e-01 -2.929292e-02 
 1.535274e-01  1.000000e+00  1.535274e-01 -2.029517e-02 
 1.535319e-01  1.000000e+00  1.535319e-01 -5.806560e-03 
 1.535385e-01  1.000000e+00  1.535385e-01  1.531147e-02 
 1.535468e-01  1.000000e+00  1.535468e-01  4.043061e-02 
 1.535568e-01  1.000000e+00  1.535568e-01  6.677301e-02 
 1.535668e-01  1.000000e+00  1.535668e-01  8.671257e-02 
 1.535768e-01  1.000000e+00  1.535768e-01  9.858144e-02 
 1.535864e-01  1.000000e+00  1.535864e-01  1.015161e-01 
 1.535960e-01  1.000000e+00  1.535960e-01  9.605597e-02 
 1.536060e-01  1.000000e+00  1.536060e-01  8.207755e-02 
 1.536160e-01  1.000000e+00  1.536160e-01  6.102020e-02 
 1.536260e-01  1.000000e+00  1.536260e-01  3.488132e-02 
 1.536360e-01  1.000000e+00  1.536360e-01  6.077034e-03 
 1.536460e-01  1.000000e+00  1.536460e-01 -2.278001e-02 
 1.536550e-01  1.000000e+00  1.536550e-01 -4.673421e-02 
 1.536650e-01  1.000000e+00  1.536650e-01 -6.880478e-02 
 1.536750e-01  1.000000e+00  1.536750e-01 -8.436939e-02 
 1.536850e-01  1.000000e+00  1.536850e-01 -9.215197e-02 
 1.536950e-01  1.000000e+00  1.536950e-01 -9.159188e-02 
 1.537039e-01  1.000000e+00  1.537039e-01 -8.420007e-02 
 1.537129e-01  1.000000e+00  1.537129e-01 -7.083982e-02 
 1.537216e-01  1.000000e+00  1.537216e-01 -5.313914e-02 
 1.537313e-01  1.000000e+00  1.537313e-01 -2.955794e-02 
 1.537413e-01  1.000000e+00  1.537413e-01 -3.125751e-03 
 1.537511e-01  1.000000e+00  1.537511e-01  2.253599e-02 
 1.537601e-01  1.000000e+00  1.537601e-01  4.426826e-02 
 1.537701e-01  1.000000e+00  1.537701e-01  6.406550e-02 
 1.537801e-01  1.000000e+00  1.537801e-01  7.781285e-02 
 1.537901e-01  1.000000e+00  1.537901e-01  8.438834e-02 
 1.537997e-01  1.000000e+00  1.537997e-01  8.351708e-02 
 1.538092e-01  1.000000e+00  1.538092e-01  7.593408e-02 
 1.538192e-01  1.000000e+00  1.538192e-01  6.148659e-02 
 1.538292e-01  1.000000e+00  1.538292e-01  4.180323e-02 
 1.538392e-01  1.000000e+00  1.538392e-01  1.872749e-02 
 1.538492e-01  1.000000e+00  1.538492e-01 -5.626198e-03 
 1.538583e-01  1.000000e+00  1.538583e-01 -2.712636e-02 
 1.538682e-01  1.000000e+00  1.538682e-01 -4.781225e-02 
 1.538782e-01  1.000000e+00  1.538782e-01 -6.400399e-02 
 1.538882e-01  1.000000e+00  1.538882e-01 -7.421791e-02 
 1.538982e-01  1.000000e+00  1.538982e-01 -7.764580e-02 
 1.539082e-01  1.000000e+00  1.539082e-01 -7.409801e-02 
 1.539179e-01  1.000000e+00  1.539179e-01 -6.443424e-02 
 1.539267e-01  1.000000e+00  1.539267e-01 -5.097076e-02 
 1.539356e-01  1.000000e+00  1.539356e-01 -3.407325e-02 
 1.539456e-01  1.000000e+00  1.539456e-01 -1.257529e-02 
 1.539556e-01  1.000000e+00  1.539556e-01  9.674180e-03 
 1.539647e-01  1.000000e+00  1.539647e-01  2.896195e-02 
 1.539747e-01  1.000000e+00  1.539747e-01  4.720545e-02 
 1.539847e-01  1.000000e+00  1.539847e-01  6.092820e-02 
 1.539947e-01  1.000000e+00  1.539947e-01  6.898428e-02 
 1.540000e-01  1.000000e+00  1.540000e-01  7.071450e-02 
 1.540008e-01  8.420969e-01  1.540008e-01  7.067562e-02 
 1.540024e-01  5.262907e-01  1.540024e-01  7.026935e-02 
 1.540055e-01 -1.053216e-01  1.540055e-01  6.749831e-02 
 1.540088e-01 -7.523596e-01  1.540088e-01  6.198799e-02 
 1.540100e-01 -1.000000e+00  1.540100e-01  5.917451e-02 
 1.540105e-01 -1.000000e+00  1.540105e-01  5.800280e-02 
 1.540114e-01 -1.000000e+00  1.540114e-01  5.563746e-02 
 1.540133e-01 -1.000000e+00  1.540133e-01  5.078155e-02 
 1.540160e-01 -1.000000e+00  1.540160e-01  4.385156e-02 
 1.540203e-01 -1.000000e+00  1.540203e-01  3.200214e-02 
 1.540273e-01 -1.000000e+00  1.540273e-01  1.183105e-02 
 1.540372e-01 -1.000000e+00  1.540372e-01 -1.659467e-02 
 1.540461e-01 -1.000000e+00  1.540461e-01 -4.074001e-02 
 1.540561e-01 -1.000000e+00  1.540561e-01 -6.385465e-02 
 1.540661e-01 -1.000000e+00  1.540661e-01 -8.088717e-02 
 1.540761e-01 -1.000000e+00  1.540761e-01 -9.042347e-02 
 1.540856e-01 -1.000000e+00  1.540856e-01 -9.186567e-02 
 1.540953e-01 -1.000000e+00  1.540953e-01 -8.569511e-02 
 1.541053e-01 -1.000000e+00  1.541053e-01 -7.192315e-02 
 1.541153e-01 -1.000000e+00  1.541153e-01 -5.197952e-02 
 1.541253e-01 -1.000000e+00  1.541253e-01 -2.774677e-02 
 1.541353e-01 -1.000000e+00  1.541353e-01 -1.457595e-03 
 1.541447e-01 -1.000000e+00  1.541447e-01  2.317180e-02 
 1.541538e-01 -1.000000e+00  1.541538e-01  4.462645e-02 
 1.541638e-01 -1.000000e+00  1.541638e-01  6.410414e-02 
 1.541738e-01 -1.000000e+00  1.541738e-01  7.753343e-02 
 1.541838e-01 -1.000000e+00  1.541838e-01  8.382064e-02 
 1.541938e-01 -1.000000e+00  1.541938e-01  8.252735e-02 
 1.542027e-01 -1.000000e+00  1.542027e-01  7.518218e-02 
 1.542116e-01 -1.000000e+00  1.542116e-01  6.252655e-02 
 1.542203e-01 -1.000000e+00  1.542203e-01  4.608952e-02 
 1.542298e-01 -1.000000e+00  1.542298e-01  2.483899e-02 
 1.542398e-01 -1.000000e+00  1.542398e-01  7.963564e-04 
 1.542492e-01 -1.000000e+00  1.542492e-01 -2.137465e-02 
 1.542582e-01 -1.000000e+00  1.542582e-01 -4.104468e-02 
 1.542682e-01 -1.000000e+00  1.542682e-01 -5.880016e-02 
 1.542782e-01 -1.000000e+00  1.542782e-01 -7.101544e-02 
 1.542882e-01 -1.000000e+00  1.542882e-01 -7.669636e-02 
 1.542978e-01 -1.000000e+00  1.542978e-01 -7.564260e-02 
 1.543078e-01 -1.000000e+00  1.543078e-01 -6.796978e-02 
 1.543178e-01 -1.000000e+00  1.543178e-01 -5.437353e-02 
 1.543278e-01 -1.000000e+00  1.543278e-01 -3.616650e-02 
 1.543378e-01 -1.000000e+00  1.543378e-01 -1.504992e-02 
 1.543478e-01 -1.000000e+00  1.543478e-01  7.044709e-03 
 1.543569e-01 -1.000000e+00  1.543569e-01  2.630395e-02 
 1.543669e-01 -1.000000e+00  1.543669e-01  4.485234e-02 
 1.543769e-01 -1.000000e+00  1.543769e-01  5.908394e-02 
 1.543869e-01 -1.000000e+00  1.543869e-01  6.780404e-02 
 1.543969e-01 -1.000000e+00  1.543969e-01  7.032951e-02 
 1.544069e-01 -1.000000e+00  1.544069e-01  6.654095e-02 
 1.544157e-01 -1.000000e+00  1.544157e-01  5.827417e-02 
 1.544246e-01 -1.000000e+00  1.544246e-01  4.598504e-02 
 1.544333e-01 -1.000000e+00  1.544333e-01  3.086005e-02 
 1.544433e-01 -1.000000e+00  1.544433e-01  1.136334e-02 
 1.544533e-01 -1.000000e+00  1.544533e-01 -8.816585e-03 
 1.544625e-01 -1.000000e+00  1.544625e-01 -2.632570e-02 
 1.544725e-01 -1.000000e+00  1.544725e-01 -4.287239e-02 
 1.544825e-01 -1.000000e+00  1.544825e-01 -5.531898e-02 
 1.544925e-01 -1.000000e+00  1.544925e-01 -6.262619e-02 
 1.545023e-01 -1.000000e+00  1.545023e-01 -6.424527e-02 
 1.545100e-01 -1.000000e+00  1.545100e-01 -6.160416e-02 
 1.545110e-01 -8.055770e-01  1.545110e-01 -6.081623e-02 
 1.545129e-01 -4.167310e-01  1.545129e-01 -5.876366e-02 
 1.545168e-01  3.609611e-01  1.545168e-01 -5.183881e-02 
 1.545200e-01  1.000000e+00  1.545200e-01 -4.339874e-02 
 1.545204e-01  1.000000e+00  1.545204e-01 -4.224713e-02 
 1.545211e-01  1.000000e+00  1.545211e-01 -3.993454e-02 
 1.545227e-01  1.000000e+00  1.545227e-01 -3.525707e-02 
 1.545246e-01  1.000000e+00  1.545246e-01 -2.929041e-02 
 1.545274e-01  1.000000e+00  1.545274e-01 -2.028866e-02 
 1.545319e-01  1.000000e+00  1.545319e-01 -5.791820e-03 
 1.545385e-01  1.000000e+00  1.545385e-01  1.533964e-02 
 1.545468e-01  1.000000e+00  1.545468e-01  4.046903e-02 
 1.545568e-01  1.000000e+00  1.545568e-01  6.680408e-02 
 1.545668e-01  1.000000e+00  1.545668e-01  8.673365e-02 
 1.545768e-01  1.000000e+00  1.545768e-01  9.859082e-02 
 1.545864e-01  1.000000e+00  1.545864e-01  1.015137e-01 
 1.545960e-01  1.000000e+00  1.545960e-01  9.603736e-02 
 1.546060e-01  1.000000e+00  1.546060e-01  8.204471e-02 
 1.546160e-01  1.000000e+00  1.546160e-01  6.097630e-02 
 1.546260e-01  1.000000e+00  1.546260e-01  3.483045e-02 
 1.546360e-01  1.000000e+00  1.546360e-01  6.023858e-03 
 1.546460e-01  1.000000e+00  1.546460e-01 -2.283071e-02 
 1.546550e-01  1.000000e+00  1.546550e-01 -4.677825e-02 
 1.546650e-01  1.000000e+00  1.546650e-01 -6.883855e-02 
 1.546750e-01  1.000000e+00  1.546750e-01 -8.439005e-02 
 1.546850e-01  1.000000e+00  1.546850e-01 -9.215791e-02 
 1.546950e-01  1.000000e+00  1.546950e-01 -9.158282e-02 
 1.547039e-01  1.000000e+00  1.547039e-01 -8.417877e-02 
 1.547129e-01  1.000000e+00  1.547129e-01 -7.080826e-02 
 1.547216e-01  1.000000e+00  1.547216e-01 -5.310023e-02 
 1.547313e-01  1.000000e+00  1.547313e-01 -2.949410e-02 
 1.547413e-01  1.000000e+00  1.547413e-01 -3.059522e-03 
 1.547511e-01  1.000000e+00  1.547511e-01  2.257315e-02 
 1.547601e-01  1.000000e+00  1.547601e-01  4.430056e-02 
 1.547701e-01  1.000000e+00  1.547701e-01  6.408994e-02 
 1.547801e-01  1.000000e+00  1.547801e-01  7.782740e-02 
 1.547901e-01  1.000000e+00  1.547901e-01  8.439186e-02 
 1.547997e-01  1.000000e+00  1.547997e-01  8.351031e-02 
 1.548092e-01  1.000000e+00  1.548092e-01  7.591899e-02 
 1.548192e-01  1.000000e+00  1.548192e-01  6.146383e-02 
 1.548292e-01  1.000000e+00  1.548292e-01  4.177495e-02 
 1.548392e-01  1.000000e+00  1.548392e-01  1.869630e-02 
 1.548492e-01  1.000000e+00  1.548492e-01 -5.657461e-03 
 1.548583e-01  1.000000e+00  1.548583e-01 -2.715365e-02 
 1.548682e-01  1.000000e+00  1.548682e-01 -4.784503e-02 
 1.548782e-01  1.000000e+00  1.548782e-01 -6.402719e-02 
 1.548882e-01  1.000000e+00  1.548882e-01 -7.422961e-02 
 1.548982e-01  1.000000e+00  1.548982e-01 -7.764517e-02 
 1.549082e-01  1.000000e+00  1.549082e-01 -7.408530e-02 
 1.549179e-01  1.000000e+00  1.549179e-01 -6.442021e-02 
 1.549268e-01  1.000000e+00  1.549268e-01 -5.095204e-02 
 1.549356e-01  1.000000e+00  1.549356e-01 -3.405377e-02 
 1.549456e-01  1.000000e+00  1.549456e-01 -1.255430e-02 
 1.549556e-01  1.000000e+00  1.549556e-01  9.694790e-03 
 1.549648e-01  1.000000e+00  1.549648e-01  2.898054e-02 
 1.549748e-01  1.000000e+00  1.549748e-01  4.722037e-02 
 1.549848e-01  1.000000e+00  1.549848e-01  6.093817e-02 
 1.549948e-01  1.000000e+00  1.549948e-01  6.898850e-02 
 1.550000e-01  1.000000e+00  1.550000e-01  7.071394e-02 
 1.550008e-01  8.422996e-01  1.550008e-01  7.067535e-02 
 1.550024e-01  5.268989e-01  1.550024e-01  7.027052e-02 
 1.550055e-01 -1.039026e-01  1.550055e-01  6.750733e-02 
 1.550088e-01 -7.504943e-01  1.550088e-01  6.200772e-02 
 1.550100e-01 -1.000000e+00  1.550100e-01  5.917456e-02 
 1.550105e-01 -1.000000e+00  1.550105e-01  5.799378e-02 
 1.550114e-01 -1.000000e+00  1.550114e-01  5.560995e-02 
 1.550134e-01 -1.000000e+00  1.550134e-01  5.071524e-02 
 1.550160e-01 -1.000000e+00  1.550160e-01  4.373188e-02 
 1.550204e-01 -1.000000e+00  1.550204e-01  3.174435e-02 
 1.550275e-01 -1.000000e+00  1.550275e-01  1.137974e-02 
 1.550364e-01 -1.000000e+00  1.550364e-01 -1.440089e-02 
 1.550454e-01 -1.000000e+00  1.550454e-01 -3.902752e-02 
 1.550554e-01 -1.000000e+00  1.550554e-01 -6.248166e-02 
 1.550654e-01 -1.000000e+00  1.550654e-01 -7.997024e-02 
 1.550754e-01 -1.000000e+00  1.550754e-01 -9.003653e-02 
 1.550850e-01 -1.000000e+00  1.550850e-01 -9.200018e-02 
 1.550947e-01 -1.000000e+00  1.550947e-01 -8.627586e-02 
 1.551047e-01 -1.000000e+00  1.551047e-01 -7.291359e-02 
 1.551147e-01 -1.000000e+00  1.551147e-01 -5.328440e-02 
 1.551247e-01 -1.000000e+00  1.551247e-01 -2.924446e-02 
 1.551347e-01 -1.000000e+00  1.551347e-01 -3.011319e-03 
 1.551444e-01 -1.000000e+00  1.551444e-01  2.240430e-02 
 1.551535e-01 -1.000000e+00  1.551535e-01  4.392629e-02 
 1.551635e-01 -1.000000e+00  1.551635e-01  6.357074e-02 
 1.551735e-01 -1.000000e+00  1.551735e-01  7.721149e-02 
 1.551835e-01 -1.000000e+00  1.551835e-01  8.373524e-02 
 1.551935e-01 -1.000000e+00  1.551935e-01  8.268207e-02 
 1.552023e-01 -1.000000e+00  1.552023e-01  7.553154e-02 
 1.552113e-01 -1.000000e+00  1.552113e-01  6.303814e-02 
 1.552200e-01 -1.000000e+00  1.552200e-01  4.671643e-02 
 1.552294e-01 -1.000000e+00  1.552294e-01  2.587195e-02 
 1.552394e-01 -1.000000e+00  1.552394e-01  1.865394e-03 
 1.552489e-01 -1.000000e+00  1.552489e-01 -2.077982e-02 
 1.552580e-01 -1.000000e+00  1.552580e-01 -4.052666e-02 
 1.552680e-01 -1.000000e+00  1.552680e-01 -5.840624e-02 
 1.552780e-01 -1.000000e+00  1.552780e-01 -7.077861e-02 
 1.552880e-01 -1.000000e+00  1.552880e-01 -7.663513e-02 
 1.552975e-01 -1.000000e+00  1.552975e-01 -7.574476e-02 
 1.553075e-01 -1.000000e+00  1.553075e-01 -6.822662e-02 
 1.553175e-01 -1.000000e+00  1.553175e-01 -5.475952e-02 
 1.553275e-01 -1.000000e+00  1.553275e-01 -3.664504e-02 
 1.553375e-01 -1.000000e+00  1.553375e-01 -1.557679e-02 
 1.553475e-01 -1.000000e+00  1.553475e-01  6.517295e-03 
 1.553566e-01 -1.000000e+00  1.553566e-01  2.583369e-02 
 1.553666e-01 -1.000000e+00  1.553666e-01  4.446418e-02 
 1.553766e-01 -1.000000e+00  1.553766e-01  5.881107e-02 
 1.553866e-01 -1.000000e+00  1.553866e-01  6.766881e-02 
 1.553966e-01 -1.000000e+00  1.553966e-01  7.034162e-02 
 1.554066e-01 -1.000000e+00  1.554066e-01  6.669682e-02 
 1.554155e-01 -1.000000e+00  1.554155e-01  5.854418e-02 
 1.554243e-01 -1.000000e+00  1.554243e-01  4.634269e-02 
 1.554331e-01 -1.000000e+00  1.554331e-01  3.127735e-02 
 1.554430e-01 -1.000000e+00  1.554430e-01  1.197004e-02 
 1.554530e-01 -1.000000e+00  1.554530e-01 -8.215539e-03 
 1.554621e-01 -1.000000e+00  1.554621e-01 -2.575691e-02 
 1.554721e-01 -1.000000e+00  1.554721e-01 -4.241001e-02 
 1.554821e-01 -1.000000e+00  1.554821e-01 -5.500241e-02 
 1.554921e-01 -1.000000e+00  1.554921e-01 -6.248114e-02 
 1.555020e-01 -1.000000e+00  1.555020e-01 -6.427720e-02 
 1.555100e-01 -1.000000e+00  1.555100e-01 -6.160093e-02 
 1.555110e-01 -8.051935e-01  1.555110e-01 -6.081080e-02 
 1.555129e-01 -4.155806e-01  1.555129e-01 -5.875195e-02 
 1.555168e-01  3.636453e-01  1.555168e-01 -5.180364e-02 
 1.555200e-01  1.000000e+00  1.555200e-01 -4.339337e-02 
 1.555204e-01  1.000000e+00  1.555204e-01 -4.224057e-02 
 1.555211e-01  1.000000e+00  1.555211e-01 -3.992560e-02 
 1.555227e-01  1.000000e+00  1.555227e-01 -3.524328e-02 
 1.555246e-01  1.000000e+00  1.555246e-01 -2.927194e-02 
 1.555274e-01  1.000000e+00  1.555274e-01 -2.025884e-02 
 1.555319e-01  1.000000e+00  1.555319e-01 -5.740734e-03 
 1.555386e-01  1.000000e+00  1.555386e-01  1.542497e-02 
 1.555469e-01  1.000000e+00  1.555469e-01  4.057934e-02 
 1.555569e-01  1.000000e+00  1.555569e-01  6.689466e-02 
 1.555669e-01  1.000000e+00  1.555669e-01  8.679676e-02 
 1.555769e-01  1.000000e+00  1.555769e-01  9.862131e-02 
 1.555865e-01  1.000000e+00  1.555865e-01  1.015110e-01 
 1.555961e-01  1.000000e+00  1.555961e-01  9.598870e-02 
 1.556061e-01  1.000000e+00  1.556061e-01  8.195540e-02 
 1.556161e-01  1.000000e+00  1.556161e-01  6.085500e-02 
 1.556261e-01  1.000000e+00  1.556261e-01  3.468851e-02 
 1.556361e-01  1.000000e+00  1.556361e-01  5.874281e-03 
 1.556461e-01  1.000000e+00  1.556461e-01 -2.297446e-02 
 1.556551e-01  1.000000e+00  1.556551e-01 -4.690416e-02 
 1.556651e-01  1.000000e+00  1.556651e-01 -6.893640e-02 
 1.556751e-01  1.000000e+00  1.556751e-01 -8.445160e-02 
 1.556851e-01  1.000000e+00  1.556851e-01 -9.217828e-02 
 1.556951e-01  1.000000e+00  1.556951e-01 -9.156091e-02 
 1.557040e-01  1.000000e+00  1.557040e-01 -8.412208e-02 
 1.557129e-01  1.000000e+00  1.557129e-01 -7.072216e-02 
 1.557217e-01  1.000000e+00  1.557217e-01 -5.299274e-02 
 1.557314e-01  1.000000e+00  1.557314e-01 -2.931479e-02 
 1.557414e-01  1.000000e+00  1.557414e-01 -2.872472e-03 
 1.557511e-01  1.000000e+00  1.557511e-01  2.267897e-02 
 1.557602e-01  1.000000e+00  1.557602e-01  4.439350e-02 
 1.557702e-01  1.000000e+00  1.557702e-01  6.416150e-02 
 1.557802e-01  1.000000e+00  1.557802e-01  7.787157e-02 
 1.557902e-01  1.000000e+00  1.557902e-01  8.440517e-02 
 1.557997e-01  1.000000e+00  1.557997e-01  8.349456e-02 
 1.558092e-01  1.000000e+00  1.558092e-01  7.587945e-02 
 1.558192e-01  1.000000e+00  1.558192e-01  6.140203e-02 
 1.558292e-01  1.000000e+00  1.558292e-01  4.169679e-02 
 1.558392e-01  1.000000e+00  1.558392e-01  1.860902e-02 
 1.558492e-01  1.000000e+00  1.558492e-01 -5.745934e-03 
 1.558583e-01  1.000000e+00  1.558583e-01 -2.723179e-02 
 1.558683e-01  1.000000e+00  1.558683e-01 -4.793944e-02 
 1.558783e-01  1.000000e+00  1.558783e-01 -6.409518e-02 
 1.558883e-01  1.000000e+00  1.558883e-01 -7.426557e-02 
 1.558983e-01  1.000000e+00  1.558983e-01 -7.764644e-02 
 1.559083e-01  1.000000e+00  1.559083e-01 -7.405237e-02 
 1.559179e-01  1.000000e+00  1.559179e-01 -6.438352e-02 
 1.559268e-01  1.000000e+00  1.559268e-01 -5.090170e-02 
 1.559357e-01  1.000000e+00  1.559357e-01 -3.400074e-02 
 1.559457e-01  1.000000e+00  1.559457e-01 -1.249618e-02 
 1.559557e-01  1.000000e+00  1.559557e-01  9.752740e-03 
 1.559648e-01  1.000000e+00  1.559648e-01  2.903366e-02 
 1.559748e-01  1.000000e+00  1.559748e-01  4.726395e-02 
 1.559848e-01  1.000000e+00  1.559848e-01  6.096849e-02 
 1.559948e-01  1.000000e+00  1.559948e-01  6.900308e-02 
 1.560000e-01  1.000000e+00  1.560000e-01  7.071591e-02 
 1.560008e-01  8.427751e-01  1.560008e-01  7.067783e-02 
 1.560024e-01  5.283254e-01  1.560024e-01  7.027596e-02 
 1.560055e-01 -1.005740e-01  1.560055e-01  6.753037e-02 
 1.560087e-01 -7.461148e-01  1.560087e-01  6.205507e-02 
 1.560100e-01 -1.000000e+00  1.560100e-01  5.917549e-02 
 1.560105e-01 -1.000000e+00  1.560105e-01  5.797310e-02 
 1.560115e-01 -1.000000e+00  1.560115e-01  5.554526e-02 
 1.560134e-01 -1.000000e+00  1.560134e-01  5.055812e-02 
 1.560161e-01 -1.000000e+00  1.560161e-01  4.344672e-02 
 1.560206e-01 -1.000000e+00  1.560206e-01  3.112754e-02 
 1.560279e-01 -1.000000e+00  1.560279e-01  1.029106e-02 
 1.560368e-01 -1.000000e+00  1.560368e-01 -1.550988e-02 
 1.560458e-01 -1.000000e+00  1.560458e-01 -4.009013e-02 
 1.560558e-01 -1.000000e+00  1.560558e-01 -6.333589e-02 
 1.560658e-01 -1.000000e+00  1.560658e-01 -8.054351e-02 
 1.560758e-01 -1.000000e+00  1.560758e-01 -9.028255e-02 
 1.560854e-01 -1.000000e+00  1.560854e-01 -9.192319e-02 
 1.560950e-01 -1.000000e+00  1.560950e-01 -8.592251e-02 
 1.561050e-01 -1.000000e+00  1.561050e-01 -7.230634e-02 
 1.561150e-01 -1.000000e+00  1.561150e-01 -5.248170e-02 
 1.561250e-01 -1.000000e+00  1.561250e-01 -2.832117e-02 
 1.561350e-01 -1.000000e+00  1.561350e-01 -2.051788e-03 
 1.561446e-01 -1.000000e+00  1.561446e-01  2.288048e-02 
 1.561536e-01 -1.000000e+00  1.561536e-01  4.436143e-02 
 1.561636e-01 -1.000000e+00  1.561636e-01  6.390333e-02 
 1.561736e-01 -1.000000e+00  1.561736e-01  7.741363e-02 
 1.561836e-01 -1.000000e+00  1.561836e-01  8.379115e-02 
 1.561936e-01 -1.000000e+00  1.561936e-01  8.258926e-02 
 1.562025e-01 -1.000000e+00  1.562025e-01  7.531794e-02 
 1.562115e-01 -1.000000e+00  1.562115e-01  6.272365e-02 
 1.562202e-01 -1.000000e+00  1.562202e-01  4.632997e-02 
 1.562297e-01 -1.000000e+00  1.562297e-01  2.523368e-02 
 1.562397e-01 -1.000000e+00  1.562397e-01  1.203683e-03 
 1.562490e-01 -1.000000e+00  1.562490e-01 -2.114988e-02 
 1.562581e-01 -1.000000e+00  1.562581e-01 -4.084968e-02 
 1.562681e-01 -1.000000e+00  1.562681e-01 -5.865277e-02 
 1.562781e-01 -1.000000e+00  1.562781e-01 -7.092798e-02 
 1.562881e-01 -1.000000e+00  1.562881e-01 -7.667569e-02 
 1.562977e-01 -1.000000e+00  1.562977e-01 -7.568362e-02 
 1.563077e-01 -1.000000e+00  1.563077e-01 -6.806906e-02 
 1.563177e-01 -1.000000e+00  1.563177e-01 -5.452123e-02 
 1.563277e-01 -1.000000e+00  1.563277e-01 -3.634863e-02 
 1.563377e-01 -1.000000e+00  1.563377e-01 -1.524966e-02 
 1.563477e-01 -1.000000e+00  1.563477e-01  6.845461e-03 
 1.563568e-01 -1.000000e+00  1.563568e-01  2.612307e-02 
 1.563668e-01 -1.000000e+00  1.563668e-01  4.470376e-02 
 1.563768e-01 -1.000000e+00  1.563768e-01  5.898035e-02 
 1.563868e-01 -1.000000e+00  1.563868e-01  6.775391e-02 
 1.563968e-01 -1.000000e+00  1.563968e-01  7.033639e-02 
 1.564068e-01 -1.000000e+00  1.564068e-01  6.660326e-02 
 1.564156e-01 -1.000000e+00  1.564156e-01  5.838019e-02 
 1.564245e-01 -1.000000e+00  1.564245e-01  4.612430e-02 
 1.564332e-01 -1.000000e+00  1.564332e-01  3.102184e-02 
 1.564432e-01 -1.000000e+00  1.564432e-01  1.157055e-02 
 1.564532e-01 -1.000000e+00  1.564532e-01 -8.611987e-03 
 1.564623e-01 -1.000000e+00  1.564623e-01 -2.613607e-02 
 1.564723e-01 -1.000000e+00  1.564723e-01 -4.271898e-02 
 1.564823e-01 -1.000000e+00  1.564823e-01 -5.521484e-02 
 1.564923e-01 -1.000000e+00  1.564923e-01 -6.257976e-02 
 1.565022e-01 -1.000000e+00  1.565022e-01 -6.425810e-02 
 1.565100e-01 -1.000000e+00  1.565100e-01 -6.160050e-02 
 1.565110e-01 -8.054485e-01  1.565110e-01 -6.081142e-02 
 1.565129e-01 -4.163456e-01  1.565129e-01 -5.875595e-02 
 1.565168e-01  3.618602e-01  1.565168e-01 -5.182169e-02 
 1.565200e-01  1.000000e+00  1.565200e-01 -4.339039e-02 
 1.565204e-01  1.000000e+00  1.565204e-01 -4.223876e-02 
 1.565211e-01  1.000000e+00  1.565211e-01 -3.992614e-02 
 1.565227e-01  1.000000e+00  1.565227e-01 -3.524864e-02 
 1.565246e-01  1.000000e+00  1.565246e-01 -2.928250e-02 
 1.565274e-01  1.000000e+00  1.565274e-01 -2.028195e-02 
 1.565319e-01  1.000000e+00  1.565319e-01 -5.789575e-03 
 1.565385e-01  1.000000e+00  1.565385e-01  1.533409e-02 
 1.565468e-01  1.000000e+00  1.565468e-01  4.045702e-02 
 1.565568e-01  1.000000e+00  1.565568e-01  6.679740e-02 
 1.565668e-01  1.000000e+00  1.565668e-01  8.673280e-02 
 1.565768e-01  1.000000e+00  1.565768e-01  9.859579e-02 
 1.565864e-01  1.000000e+00  1.565864e-01  1.015237e-01 
 1.565960e-01  1.000000e+00  1.565960e-01  9.605391e-02 
 1.566060e-01  1.000000e+00  1.566060e-01  8.206614e-02 
 1.566160e-01  1.000000e+00  1.566160e-01  6.100062e-02 
 1.566260e-01  1.000000e+00  1.566260e-01  3.485545e-02 
 1.566360e-01  1.000000e+00  1.566360e-01  6.047284e-03 
 1.566460e-01  1.000000e+00  1.566460e-01 -2.281091e-02 
 1.566550e-01  1.000000e+00  1.566550e-01 -4.676344e-02 
 1.566650e-01  1.000000e+00  1.566650e-01 -6.883013e-02 
 1.566750e-01  1.000000e+00  1.566750e-01 -8.438865e-02 
 1.566850e-01  1.000000e+00  1.566850e-01 -9.216354e-02 
 1.566950e-01  1.000000e+00  1.566950e-01 -9.159486e-02 
 1.567039e-01  1.000000e+00  1.567039e-01 -8.419541e-02 
 1.567129e-01  1.000000e+00  1.567129e-01 -7.082814e-02 
 1.567216e-01  1.000000e+00  1.567216e-01 -5.312170e-02 
 1.567313e-01  1.000000e+00  1.567313e-01 -2.952286e-02 
 1.567413e-01  1.000000e+00  1.567413e-01 -3.086912e-03 
 1.567511e-01  1.000000e+00  1.567511e-01  2.256014e-02 
 1.567601e-01  1.000000e+00  1.567601e-01  4.429138e-02 
 1.567701e-01  1.000000e+00  1.567701e-01  6.408572e-02 
 1.567801e-01  1.000000e+00  1.567801e-01  7.782842e-02 
 1.567901e-01  1.000000e+00  1.567901e-01  8.439794e-02 
 1.567997e-01  1.000000e+00  1.567997e-01  8.352050e-02 
 1.568092e-01  1.000000e+00  1.568092e-01  7.593188e-02 
 1.568192e-01  1.000000e+00  1.568192e-01  6.147855e-02 
 1.568292e-01  1.000000e+00  1.568292e-01  4.179017e-02 
 1.568392e-01  1.000000e+00  1.568392e-01  1.871065e-02 
 1.568492e-01  1.000000e+00  1.568492e-01 -5.645254e-03 
 1.568583e-01  1.000000e+00  1.568583e-01 -2.714497e-02 
 1.568682e-01  1.000000e+00  1.568682e-01 -4.783596e-02 
 1.568782e-01  1.000000e+00  1.568782e-01 -6.402346e-02 
 1.568882e-01  1.000000e+00  1.568882e-01 -7.423146e-02 
 1.568982e-01  1.000000e+00  1.568982e-01 -7.765233e-02 
 1.569082e-01  1.000000e+00  1.569082e-01 -7.409706e-02 
 1.569179e-01  1.000000e+00  1.569179e-01 -6.443230e-02 
 1.569267e-01  1.000000e+00  1.569267e-01 -5.096503e-02 
 1.569356e-01  1.000000e+00  1.569356e-01 -3.406586e-02 
 1.569456e-01  1.000000e+00  1.569456e-01 -1.256518e-02 
 1.569556e-01  1.000000e+00  1.569556e-01  9.686057e-03 
 1.569648e-01  1.000000e+00  1.569648e-01  2.897447e-02 
 1.569748e-01  1.000000e+00  1.569748e-01  4.721763e-02 
 1.569848e-01  1.000000e+00  1.569848e-01  6.093894e-02 
 1.569948e-01  1.000000e+00  1.569948e-01  6.899266e-02 
 1.570000e-01  1.000000e+00  1.570000e-01  7.072107e-02 
 1.570008e-01  8.421148e-01  1.570008e-01  7.068204e-02 
 1.570024e-01  5.263443e-01  1.570024e-01  7.027556e-02 
 1.570055e-01 -1.051966e-01  1.570055e-01  6.750447e-02 
 1.570088e-01 -7.521902e-01  1.570088e-01  6.199434e-02 
 1.570100e-01 -1.000000e+00  1.570100e-01  5.917875e-02 
 1.570105e-01 -1.000000e+00  1.570105e-01  5.800601e-02 
 1.570114e-01 -1.000000e+00  1.570114e-01  5.563856e-02 
 1.570133e-01 -1.000000e+00  1.570133e-01  5.077824e-02 
 1.570160e-01 -1.000000e+00  1.570160e-01  4.384220e-02 
 1.570203e-01 -1.000000e+00  1.570203e-01  3.197776e-02 
 1.570273e-01 -1.000000e+00  1.570273e-01  1.178537e-02 
 1.570372e-01 -1.000000e+00  1.570372e-01 -1.665560e-02 
 1.570461e-01 -1.000000e+00  1.570461e-01 -4.079877e-02 
 1.570561e-01 -1.000000e+00  1.570561e-01 -6.390445e-02 
 1.570661e-01 -1.000000e+00  1.570661e-01 -8.092372e-02 
 1.570761e-01 -1.000000e+00  1.570761e-01 -9.044374e-02 
 1.570856e-01 -1.000000e+00  1.570856e-01 -9.186931e-02 
 1.570953e-01 -1.000000e+00  1.570953e-01 -8.568388e-02 
 1.571053e-01 -1.000000e+00  1.571053e-01 -7.189749e-02 
 1.571153e-01 -1.000000e+00  1.571153e-01 -5.194196e-02 
 1.571253e-01 -1.000000e+00  1.571253e-01 -2.770087e-02 
 1.571353e-01 -1.000000e+00  1.571353e-01 -1.407578e-03 
 1.571447e-01 -1.000000e+00  1.571447e-01  2.319850e-02 
 1.571538e-01 -1.000000e+00  1.571538e-01  4.465297e-02 
 1.571638e-01 -1.000000e+00  1.571638e-01  6.412709e-02 
 1.571738e-01 -1.000000e+00  1.571738e-01  7.755083e-02 
 1.571838e-01 -1.000000e+00  1.571838e-01  8.383104e-02 
 1.571938e-01 -1.000000e+00  1.571938e-01  8.252994e-02 
 1.572027e-01 -1.000000e+00  1.572027e-01  7.517785e-02 
 1.572116e-01 -1.000000e+00  1.572116e-01  6.251588e-02 
 1.572203e-01 -1.000000e+00  1.572203e-01  4.607366e-02 
 1.572298e-01 -1.000000e+00  1.572298e-01  2.480678e-02 
 1.572398e-01 -1.000000e+00  1.572398e-01  7.607838e-04 
 1.572492e-01 -1.000000e+00  1.572492e-01 -2.139645e-02 
 1.572582e-01 -1.000000e+00  1.572582e-01 -4.106565e-02 
 1.572682e-01 -1.000000e+00  1.572682e-01 -5.881864e-02 
 1.572782e-01 -1.000000e+00  1.572782e-01 -7.102982e-02 
 1.572882e-01 -1.000000e+00  1.572882e-01 -7.670530e-02 
 1.572978e-01 -1.000000e+00  1.572978e-01 -7.564640e-02 
 1.573078e-01 -1.000000e+00  1.573078e-01 -6.796810e-02 
 1.573178e-01 -1.000000e+00  1.573178e-01 -5.436661e-02 
 1.573278e-01 -1.000000e+00  1.573278e-01 -3.615505e-02 
 1.573378e-01 -1.000000e+00  1.573378e-01 -1.503503e-02 
 1.573478e-01 -1.000000e+00  1.573478e-01  7.061651e-03 
 1.573569e-01 -1.000000e+00  1.573569e-01  2.632122e-02 
 1.573669e-01 -1.000000e+00  1.573669e-01  4.486872e-02 
 1.573769e-01 -1.000000e+00  1.573769e-01  5.909799e-02 
 1.573869e-01 -1.000000e+00  1.573869e-01  6.781455e-02 
 1.573969e-01 -1.000000e+00  1.573969e-01  7.033560e-02 
 1.574069e-01 -1.000000e+00  1.574069e-01  6.654216e-02 
 1.574157e-01 -1.000000e+00  1.574157e-01  5.827098e-02 
 1.574246e-01 -1.000000e+00  1.574246e-01  4.597794e-02 
 1.574333e-01 -1.000000e+00  1.574333e-01  3.084967e-02 
 1.574433e-01 -1.000000e+00  1.574433e-01  1.135000e-02 
 1.574533e-01 -1.000000e+00  1.574533e-01 -8.831647e-03 
 1.574625e-01 -1.000000e+00  1.574625e-01 -2.634101e-02 
 1.574725e-01 -1.000000e+00  1.574725e-01 -4.288681e-02 
 1.574825e-01 -1.000000e+00  1.574825e-01 -5.533124e-02 
 1.574925e-01 -1.000000e+00  1.574925e-01 -6.263523e-02 
 1.575023e-01 -1.000000e+00  1.575023e-01 -6.425046e-02 
 1.575100e-01 -1.000000e+00  1.575100e-01 -6.160952e-02 
 1.575110e-01 -8.055857e-01  1.575110e-01 -6.082154e-02 
 1.575129e-01 -4.167570e-01  1.575129e-01 -5.876890e-02 
 1.575168e-01  3.609003e-01  1.575168e-01 -5.184412e-02 
 1.575200e-01  1.000000e+00  1.575200e-01 -4.340297e-02 
 1.575204e-01  1.000000e+00  1.575204e-01 -4.225135e-02 
 1.575211e-01  1.000000e+00  1.575211e-01 -3.993876e-02 
 1.575227e-01  1.000000e+00  1.575227e-01 -3.526127e-02 
 1.575246e-01  1.000000e+00  1.575246e-01 -2.929455e-02 
 1.575274e-01  1.000000e+00  1.575274e-01 -2.029288e-02 
 1.575319e-01  1.000000e+00  1.575319e-01 -5.796373e-03 
 1.575385e-01  1.000000e+00  1.575385e-01  1.533464e-02 
 1.575468e-01  1.000000e+00  1.575468e-01  4.046426e-02 
 1.575568e-01  1.000000e+00  1.575568e-01  6.680195e-02 
 1.575668e-01  1.000000e+00  1.575668e-01  8.673431e-02 
 1.575768e-01  1.000000e+00  1.575768e-01  9.859416e-02 
 1.575864e-01  1.000000e+00  1.575864e-01  1.015193e-01 
 1.575960e-01  1.000000e+00  1.575960e-01  9.604580e-02 
 1.576060e-01  1.000000e+00  1.576060e-01  8.205516e-02 
 1.576160e-01  1.000000e+00  1.576160e-01  6.098780e-02 
 1.576260e-01  1.000000e+00  1.576260e-01  3.484196e-02 
 1.576360e-01  1.000000e+00  1.576360e-01  6.034347e-03 
 1.576460e-01  1.000000e+00  1.576460e-01 -2.282216e-02 
 1.576550e-01  1.000000e+00  1.576550e-01 -4.677219e-02 
 1.576650e-01  1.000000e+00  1.576650e-01 -6.883557e-02 
 1.576750e-01  1.000000e+00  1.576750e-01 -8.439038e-02 
 1.576850e-01  1.000000e+00  1.576850e-01 -9.216144e-02 
 1.576950e-01  1.000000e+00  1.576950e-01 -9.158920e-02 
 1.577039e-01  1.000000e+00  1.577039e-01 -8.418711e-02 
 1.577129e-01  1.000000e+00  1.577129e-01 -7.081790e-02 
 1.577216e-01  1.000000e+00  1.577216e-01 -5.311038e-02 
 1.577313e-01  1.000000e+00  1.577313e-01 -2.950706e-02 
 1.577413e-01  1.000000e+00  1.577413e-01 -3.071568e-03 
 1.577511e-01  1.000000e+00  1.577511e-01  2.256773e-02 
 1.577601e-01  1.000000e+00  1.577601e-01  4.429707e-02 
 1.577701e-01  1.000000e+00  1.577701e-01  6.408886e-02 
 1.577801e-01  1.000000e+00  1.577801e-01  7.782877e-02 
 1.577901e-01  1.000000e+00  1.577901e-01  8.439552e-02 
 1.577997e-01  1.000000e+00  1.577997e-01  8.351576e-02 
 1.578092e-01  1.000000e+00  1.578092e-01  7.592553e-02 
 1.578192e-01  1.000000e+00  1.578192e-01  6.147100e-02 
 1.578292e-01  1.000000e+00  1.578292e-01  4.178210e-02 
 1.578392e-01  1.000000e+00  1.578392e-01  1.870280e-02 
 1.578492e-01  1.000000e+00  1.578492e-01 -5.652190e-03 
 1.578583e-01  1.000000e+00  1.578583e-01 -2.715018e-02 
 1.578682e-01  1.000000e+00  1.578682e-01 -4.784164e-02 
 1.578782e-01  1.000000e+00  1.578782e-01 -6.402632e-02 
 1.578882e-01  1.000000e+00  1.578882e-01 -7.423130e-02 
 1.578982e-01  1.000000e+00  1.578982e-01 -7.764923e-02 
 1.579082e-01  1.000000e+00  1.579082e-01 -7.409132e-02 
 1.579179e-01  1.000000e+00  1.579179e-01 -6.442635e-02 
 1.579268e-01  1.000000e+00  1.579268e-01 -5.095844e-02 
 1.579356e-01  1.000000e+00  1.579356e-01 -3.405962e-02 
 1.579456e-01  1.000000e+00  1.579456e-01 -1.255938e-02 
 1.579556e-01  1.000000e+00  1.579556e-01  9.690921e-03 
 1.579648e-01  1.000000e+00  1.579648e-01  2.897809e-02 
 1.579748e-01  1.000000e+00  1.579748e-01  4.721961e-02 
 1.579848e-01  1.000000e+00  1.579848e-01  6.093915e-02 
 1.579948e-01  1.000000e+00  1.579948e-01  6.899110e-02 
 1.580000e-01  1.000000e+00  1.580000e-01  7.071751e-02 
 1.580008e-01  8.422673e-01  1.580008e-01  7.067892e-02 
 1.580024e-01  5.268020e-01  1.580024e-01  7.027394e-02 
 1.580055e-01 -1.041287e-01  1.580055e-01  6.750964e-02 
 1.580088e-01 -7.507904e-01  1.580088e-01  6.200844e-02 
 1.580100e-01 -1.000000e+00  1.580100e-01  5.917844e-02 
 1.580105e-01 -1.000000e+00  1.580105e-01  5.799901e-02 
 1.580114e-01 -1.000000e+00  1.580114e-01  5.561792e-02 
 1.580134e-01 -1.000000e+00  1.580134e-01  5.072894e-02 
 1.580160e-01 -1.000000e+00  1.580160e-01  4.375352e-02 
 1.580204e-01 -1.000000e+00  1.580204e-01  3.178639e-02 
 1.580275e-01 -1.000000e+00  1.580275e-01  1.145045e-02 
 1.580374e-01 -1.000000e+00  1.580374e-01 -1.708594e-02 
 1.580463e-01 -1.000000e+00  1.580463e-01 -4.119437e-02 
 1.580563e-01 -1.000000e+00  1.580563e-01 -6.421674e-02 
 1.580663e-01 -1.000000e+00  1.580663e-01 -8.112628e-02 
 1.580763e-01 -1.000000e+00  1.580763e-01 -9.052040e-02 
 1.580858e-01 -1.000000e+00  1.580858e-01 -9.182402e-02 
 1.580954e-01 -1.000000e+00  1.580954e-01 -8.553525e-02 
 1.581054e-01 -1.000000e+00  1.581054e-01 -7.165458e-02 
 1.581154e-01 -1.000000e+00  1.581154e-01 -5.162803e-02 
 1.581254e-01 -1.000000e+00  1.581254e-01 -2.734511e-02 
 1.581354e-01 -1.000000e+00  1.581354e-01 -1.042409e-03 
 1.581448e-01 -1.000000e+00  1.581448e-01  2.337449e-02 
 1.581539e-01 -1.000000e+00  1.581539e-01  4.481114e-02 
 1.581639e-01 -1.000000e+00  1.581639e-01  6.424431e-02 
 1.581739e-01 -1.000000e+00  1.581739e-01  7.761735e-02 
 1.581839e-01 -1.000000e+00  1.581839e-01  8.384180e-02 
 1.581939e-01 -1.000000e+00  1.581939e-01  8.248493e-02 
 1.582027e-01 -1.000000e+00  1.582027e-01  7.508835e-02 
 1.582117e-01 -1.000000e+00  1.582117e-01  6.239001e-02 
 1.582204e-01 -1.000000e+00  1.582204e-01  4.592276e-02 
 1.582300e-01 -1.000000e+00  1.582300e-01  2.456561e-02 
 1.582400e-01 -1.000000e+00  1.582400e-01  5.142099e-04 
 1.582492e-01 -1.000000e+00  1.582492e-01 -2.152957e-02 
 1.582583e-01 -1.000000e+00  1.582583e-01 -4.117934e-02 
 1.582683e-01 -1.000000e+00  1.582683e-01 -5.890223e-02 
 1.582783e-01 -1.000000e+00  1.582783e-01 -7.107638e-02 
 1.582883e-01 -1.000000e+00  1.582883e-01 -7.671035e-02 
 1.582979e-01 -1.000000e+00  1.582979e-01 -7.561708e-02 
 1.583079e-01 -1.000000e+00  1.583079e-01 -6.790682e-02 
 1.583179e-01 -1.000000e+00  1.583179e-01 -5.427936e-02 
 1.583279e-01 -1.000000e+00  1.583279e-01 -3.605006e-02 
 1.583379e-01 -1.000000e+00  1.583379e-01 -1.492196e-02 
 1.583479e-01 -1.000000e+00  1.583479e-01  7.172585e-03 
 1.583569e-01 -1.000000e+00  1.583569e-01  2.642026e-02 
 1.583669e-01 -1.000000e+00  1.583669e-01  4.494813e-02 
 1.583769e-01 -1.000000e+00  1.583769e-01  5.915102e-02 
 1.583869e-01 -1.000000e+00  1.583869e-01  6.783692e-02 
 1.583969e-01 -1.000000e+00  1.583969e-01  7.032584e-02 
 1.584069e-01 -1.000000e+00  1.584069e-01  6.650169e-02 
 1.584158e-01 -1.000000e+00  1.584158e-01  5.820664e-02 
 1.584246e-01 -1.000000e+00  1.584246e-01  4.589584e-02 
 1.584334e-01 -1.000000e+00  1.584334e-01  3.075622e-02 
 1.584434e-01 -1.000000e+00  1.584434e-01  1.125055e-02 
 1.584534e-01 -1.000000e+00  1.584534e-01 -8.928120e-03 
 1.584625e-01 -1.000000e+00  1.584625e-01 -2.642639e-02 
 1.584725e-01 -1.000000e+00  1.584725e-01 -4.295402e-02 
 1.584825e-01 -1.000000e+00  1.584825e-01 -5.537461e-02 
 1.584925e-01 -1.000000e+00  1.584925e-01 -6.265130e-02 
 1.585024e-01 -1.000000e+00  1.585024e-01 -6.423904e-02 
 1.585100e-01 -1.000000e+00  1.585100e-01 -6.160437e-02 
 1.585110e-01 -8.056444e-01  1.585110e-01 -6.081680e-02 
 1.585129e-01 -4.169333e-01  1.585129e-01 -5.876528e-02 
 1.585168e-01  3.604889e-01  1.585168e-01 -5.184444e-02 
 1.585200e-01  1.000000e+00  1.585200e-01 -4.339906e-02 
 1.585204e-01  1.000000e+00  1.585204e-01 -4.224781e-02 
 1.585211e-01  1.000000e+00  1.585211e-01 -3.993597e-02 
 1.585227e-01  1.000000e+00  1.585227e-01 -3.526003e-02 
 1.585246e-01  1.000000e+00  1.585246e-01 -2.929507e-02 
 1.585274e-01  1.000000e+00  1.585274e-01 -2.029724e-02 
 1.585319e-01  1.000000e+00  1.585319e-01 -5.808388e-03 
 1.585385e-01  1.000000e+00  1.585385e-01  1.531013e-02 
 1.585468e-01  1.000000e+00  1.585468e-01  4.042976e-02 
 1.585568e-01  1.000000e+00  1.585568e-01  6.677213e-02 
 1.585668e-01  1.000000e+00  1.585668e-01  8.671175e-02 
 1.585768e-01  1.000000e+00  1.585768e-01  9.858075e-02 
 1.585864e-01  1.000000e+00  1.585864e-01  1.015155e-01 
 1.585960e-01  1.000000e+00  1.585960e-01  9.605573e-02 
 1.586060e-01  1.000000e+00  1.586060e-01  8.207760e-02 
 1.586160e-01  1.000000e+00  1.586160e-01  6.102053e-02 
 1.586260e-01  1.000000e+00  1.586260e-01  3.488190e-02 
 1.586360e-01  1.000000e+00  1.586360e-01  6.077803e-03 
 1.586460e-01  1.000000e+00  1.586460e-01 -2.277912e-02 
 1.586550e-01  1.000000e+00  1.586550e-01 -4.673329e-02 
 1.586650e-01  1.000000e+00  1.586650e-01 -6.880390e-02 
 1.586750e-01  1.000000e+00  1.586750e-01 -8.436862e-02 
 1.586850e-01  1.000000e+00  1.586850e-01 -9.215138e-02 
 1.586950e-01  1.000000e+00  1.586950e-01 -9.159152e-02 
 1.587039e-01  1.000000e+00  1.587039e-01 -8.419993e-02 
 1.587129e-01  1.000000e+00  1.587129e-01 -7.083991e-02 
 1.587216e-01  1.000000e+00  1.587216e-01 -5.313943e-02 
 1.587313e-01  1.000000e+00  1.587313e-01 -2.955883e-02 
 1.587413e-01  1.000000e+00  1.587413e-01 -3.126818e-03 
 1.587511e-01  1.000000e+00  1.587511e-01  2.253525e-02 
 1.587601e-01  1.000000e+00  1.587601e-01  4.426749e-02 
 1.587701e-01  1.000000e+00  1.587701e-01  6.406475e-02 
 1.587801e-01  1.000000e+00  1.587801e-01  7.781219e-02 
 1.587901e-01  1.000000e+00  1.587901e-01  8.438782e-02 
 1.587997e-01  1.000000e+00  1.587997e-01  8.351674e-02 
 1.588092e-01  1.000000e+00  1.588092e-01  7.593391e-02 
 1.588192e-01  1.000000e+00  1.588192e-01  6.148664e-02 
 1.588292e-01  1.000000e+00  1.588292e-01  4.180348e-02 
 1.588392e-01  1.000000e+00  1.588392e-01  1.872791e-02 
 1.588492e-01  1.000000e+00  1.588492e-01 -5.625651e-03 
 1.588583e-01  1.000000e+00  1.588583e-01 -2.712576e-02 
 1.588682e-01  1.000000e+00  1.588682e-01 -4.781145e-02 
 1.588782e-01  1.000000e+00  1.588782e-01 -6.400326e-02 
 1.588882e-01  1.000000e+00  1.588882e-01 -7.421731e-02 
 1.588982e-01  1.000000e+00  1.588982e-01 -7.764539e-02 
 1.589082e-01  1.000000e+00  1.589082e-01 -7.409781e-02 
 1.589179e-01  1.000000e+00  1.589179e-01 -6.443409e-02 
 1.589267e-01  1.000000e+00  1.589267e-01 -5.097075e-02 
 1.589356e-01  1.000000e+00  1.589356e-01 -3.407332e-02 
 1.589456e-01  1.000000e+00  1.589456e-01 -1.257550e-02 
 1.589556e-01  1.000000e+00  1.589556e-01  9.673860e-03 
 1.589647e-01  1.000000e+00  1.589647e-01  2.896155e-02 
 1.589747e-01  1.000000e+00  1.589747e-01  4.720500e-02 
 1.589847e-01  1.000000e+00  1.589847e-01  6.092774e-02 
 1.589947e-01  1.000000e+00  1.589947e-01  6.898385e-02 
 1.590000e-01  1.000000e+00  1.590000e-01  7.071400e-02 
 1.590008e-01  8.421119e-01  1.590008e-01  7.067517e-02 
 1.590024e-01  5.263357e-01  1.590024e-01  7.026909e-02 
 1.590055e-01 -1.052168e-01  1.590055e-01  6.749878e-02 
 1.590088e-01 -7.522221e-01  1.590088e-01  6.198941e-02 
 1.590100e-01 -1.000000e+00  1.590100e-01  5.917453e-02 
 1.590105e-01 -1.000000e+00  1.590105e-01  5.800218e-02 
 1.590114e-01 -1.000000e+00  1.590114e-01  5.563551e-02 
 1.590133e-01 -1.000000e+00  1.590133e-01  5.077682e-02 
 1.590160e-01 -1.000000e+00  1.590160e-01  4.384301e-02 
 1.590203e-01 -1.000000e+00  1.590203e-01  3.198360e-02 
 1.590273e-01 -1.000000e+00  1.590273e-01  1.179859e-02 
 1.590372e-01 -1.000000e+00  1.590372e-01 -1.663640e-02 
 1.590461e-01 -1.000000e+00  1.590461e-01 -4.077827e-02 
 1.590561e-01 -1.000000e+00  1.590561e-01 -6.388472e-02 
 1.590661e-01 -1.000000e+00  1.590661e-01 -8.090650e-02 
 1.590761e-01 -1.000000e+00  1.590761e-01 -9.043052e-02 
 1.590856e-01 -1.000000e+00  1.590856e-01 -9.186086e-02 
 1.590953e-01 -1.000000e+00  1.590953e-01 -8.568029e-02 
 1.591053e-01 -1.000000e+00  1.591053e-01 -7.189923e-02 
 1.591153e-01 -1.000000e+00  1.591153e-01 -5.194879e-02 
 1.591253e-01 -1.000000e+00  1.591253e-01 -2.771210e-02 
 1.591353e-01 -1.000000e+00  1.591353e-01 -1.422128e-03 
 1.591447e-01 -1.000000e+00  1.591447e-01  2.318880e-02 
 1.591538e-01 -1.000000e+00  1.591538e-01  4.464160e-02 
 1.591638e-01 -1.000000e+00  1.591638e-01  6.411520e-02 
 1.591738e-01 -1.000000e+00  1.591738e-01  7.753949e-02 
 1.591838e-01 -1.000000e+00  1.591838e-01  8.382124e-02 
 1.591938e-01 -1.000000e+00  1.591938e-01  8.252254e-02 
 1.592027e-01 -1.000000e+00  1.592027e-01  7.517307e-02 
 1.592116e-01 -1.000000e+00  1.592116e-01  6.251397e-02 
 1.592203e-01 -1.000000e+00  1.592203e-01  4.607459e-02 
 1.592298e-01 -1.000000e+00  1.592298e-01  2.481548e-02 
 1.592398e-01 -1.000000e+00  1.592398e-01  7.724395e-04 
 1.592492e-01 -1.000000e+00  1.592492e-01 -2.138746e-02 
 1.592582e-01 -1.000000e+00  1.592582e-01 -4.105550e-02 
 1.592682e-01 -1.000000e+00  1.592682e-01 -5.880796e-02 
 1.592782e-01 -1.000000e+00  1.592782e-01 -7.101958e-02 
 1.592882e-01 -1.000000e+00  1.592882e-01 -7.669644e-02 
 1.592978e-01 -1.000000e+00  1.592978e-01 -7.563934e-02 
 1.593078e-01 -1.000000e+00  1.593078e-01 -6.796346e-02 
 1.593178e-01 -1.000000e+00  1.593178e-01 -5.436476e-02 
 1.593278e-01 -1.000000e+00  1.593278e-01 -3.615610e-02 
 1.593378e-01 -1.000000e+00  1.593378e-01 -1.503885e-02 
 1.593478e-01 -1.000000e+00  1.593478e-01  7.055448e-03 
 1.593569e-01 -1.000000e+00  1.593569e-01  2.631343e-02 
 1.593669e-01 -1.000000e+00  1.593669e-01  4.485981e-02 
 1.593769e-01 -1.000000e+00  1.593769e-01  5.908877e-02 
 1.593869e-01 -1.000000e+00  1.593869e-01  6.780584e-02 
 1.593969e-01 -1.000000e+00  1.593969e-01  7.032818e-02 
 1.594069e-01 -1.000000e+00  1.594069e-01  6.653666e-02 
 1.594157e-01 -1.000000e+00  1.594157e-01  5.826760e-02 
 1.594246e-01 -1.000000e+00  1.594246e-01  4.597681e-02 
 1.594333e-01 -1.000000e+00  1.594333e-01  3.085081e-02 
 1.594433e-01 -1.000000e+00  1.594433e-01  1.135362e-02 
 1.594533e-01 -1.000000e+00  1.594533e-01 -8.825907e-03 
 1.594625e-01 -1.000000e+00  1.594625e-01 -2.633385e-02 
 1.594725e-01 -1.000000e+00  1.594725e-01 -4.287869e-02 
 1.594825e-01 -1.000000e+00  1.594825e-01 -5.532289e-02 
 1.594925e-01 -1.000000e+00  1.594925e-01 -6.262741e-02 
 1.595023e-01 -1.000000e+00  1.595023e-01 -6.424381e-02 
 1.595100e-01 -1.000000e+00  1.595100e-01 -6.160341e-02 
 1.595110e-01 -8.055827e-01  1.595110e-01 -6.081553e-02 
 1.595129e-01 -4.167481e-01  1.595129e-01 -5.876309e-02 
 1.595168e-01  3.609211e-01  1.595168e-01 -5.183867e-02 
 1.595200e-01  1.000000e+00  1.595200e-01 -4.339824e-02 
 1.595204e-01  1.000000e+00  1.595204e-01 -4.224666e-02 
 1.595211e-01  1.000000e+00  1.595211e-01 -3.993416e-02 
 1.595227e-01  1.000000e+00  1.595227e-01 -3.525685e-02 
 1.595246e-01  1.000000e+00  1.595246e-01 -2.929039e-02 
 1.595274e-01  1.000000e+00  1.595274e-01 -2.028905e-02 
 1.595319e-01  1.000000e+00  1.595319e-01 -5.793022e-03 
 1.595385e-01  1.000000e+00  1.595385e-01  1.533712e-02 
 1.595468e-01  1.000000e+00  1.595468e-01  4.046543e-02 
 1.595568e-01  1.000000e+00  1.595568e-01  6.680084e-02 
 1.595668e-01  1.000000e+00  1.595668e-01  8.673105e-02 
 1.595768e-01  1.000000e+00  1.595768e-01  9.858908e-02 
 1.595864e-01  1.000000e+00  1.595864e-01  1.015129e-01 
 1.595960e-01  1.000000e+00  1.595960e-01  9.603793e-02 
 1.596060e-01  1.000000e+00  1.596060e-01  8.204656e-02 
 1.596160e-01  1.000000e+00  1.596160e-01  6.097925e-02 
 1.596260e-01  1.000000e+00  1.596260e-01  3.483422e-02 
 1.596360e-01  1.000000e+00  1.596360e-01  6.028089e-03 
 1.596460e-01  1.000000e+00  1.596460e-01 -2.282640e-02 
 1.596550e-01  1.000000e+00  1.596550e-01 -4.677424e-02 
 1.596650e-01  1.000000e+00  1.596650e-01 -6.883516e-02 
 1.596750e-01  1.000000e+00  1.596750e-01 -8.438757e-02 
 1.596850e-01  1.000000e+00  1.596850e-01 -9.215654e-02 
 1.596950e-01  1.000000e+00  1.596950e-01 -9.158267e-02 
 1.597039e-01  1.000000e+00  1.597039e-01 -8.417967e-02 
 1.597129e-01  1.000000e+00  1.597129e-01 -7.081012e-02 
 1.597216e-01  1.000000e+00  1.597216e-01 -5.310286e-02 
 1.597313e-01  1.000000e+00  1.597313e-01 -2.949911e-02 
 1.597413e-01  1.000000e+00  1.597413e-01 -3.064986e-03 
 1.597511e-01  1.000000e+00  1.597511e-01  2.256983e-02 
 1.597601e-01  1.000000e+00  1.597601e-01  4.429744e-02 
 1.597701e-01  1.000000e+00  1.597701e-01  6.408728e-02 
 1.597801e-01  1.000000e+00  1.597801e-01  7.782543e-02 
 1.597901e-01  1.000000e+00  1.597901e-01  8.439075e-02 
 1.597997e-01  1.000000e+00  1.597997e-01  8.351007e-02 
 1.598092e-01  1.000000e+00  1.598092e-01  7.591951e-02 
 1.598192e-01  1.000000e+00  1.598192e-01  6.146513e-02 
 1.598292e-01  1.000000e+00  1.598292e-01  4.177690e-02 
 1.598392e-01  1.000000e+00  1.598392e-01  1.869872e-02 
 1.598492e-01  1.000000e+00  1.598492e-01 -5.654804e-03 
 1.598583e-01  1.000000e+00  1.598583e-01 -2.715111e-02 
 1.598682e-01  1.000000e+00  1.598682e-01 -4.784184e-02 
 1.598782e-01  1.000000e+00  1.598782e-01 -6.402464e-02 
 1.598882e-01  1.000000e+00  1.598882e-01 -7.422792e-02 
 1.598982e-01  1.000000e+00  1.598982e-01 -7.764447e-02 
 1.599082e-01  1.000000e+00  1.599082e-01 -7.408564e-02 
 1.599179e-01  1.000000e+00  1.599179e-01 -6.442068e-02 
 1.599268e-01  1.000000e+00  1.599268e-01 -5.095302e-02 
 1.599356e-01  1.000000e+00  1.599356e-01 -3.405494e-02 
 1.599456e-01  1.000000e+00  1.599456e-01 -1.255579e-02 
 1.599556e-01  1.000000e+00  1.599556e-01  9.693114e-03 
 1.599648e-01  1.000000e+00  1.599648e-01  2.897884e-02 
 1.599748e-01  1.000000e+00  1.599748e-01  4.721877e-02 
 1.599848e-01  1.000000e+00  1.599848e-01  6.093682e-02 
 1.599948e-01  1.000000e+00  1.599948e-01  6.898751e-02 
 1.600000e-01  1.000000e+00  1.600000e-01  7.071330e-02 
