 1.500000e-01  1.000000e+00  1.500000e-01  1.426992e-02 
 1.500001e-01  9.845707e-01  1.500001e-01  1.434196e-02 
 1.500002e-01  9.537122e-01  1.500002e-01  1.448336e-02 
 1.500005e-01  8.919952e-01  1.500005e-01  1.475001e-02 
 1.500012e-01  7.685611e-01  1.500012e-01  1.521876e-02 
 1.500024e-01  5.276866e-01  1.500024e-01  1.588504e-02 
 1.500037e-01  2.537621e-01  1.500037e-01  1.624283e-02 
 1.500058e-01 -1.588543e-01  1.500058e-01  1.597999e-02 
 1.500080e-01 -5.996821e-01  1.500080e-01  1.464184e-02 
 1.500100e-01 -1.000000e+00  1.500100e-01  1.249344e-02 
 1.500103e-01 -1.000000e+00  1.500103e-01  1.204865e-02 
 1.500110e-01 -1.000000e+00  1.500110e-01  1.115515e-02 
 1.500124e-01 -1.000000e+00  1.500124e-01  9.346774e-03 
 1.500142e-01 -1.000000e+00  1.500142e-01  6.892480e-03 
 1.500168e-01 -1.000000e+00  1.500168e-01  3.366238e-03 
 1.500207e-01 -1.000000e+00  1.500207e-01 -1.969280e-03 
 1.500272e-01 -1.000000e+00  1.500272e-01 -1.040144e-02 
 1.500342e-01 -1.000000e+00  1.500342e-01 -1.865042e-02 
 1.500428e-01 -1.000000e+00  1.500428e-01 -2.640056e-02 
 1.500505e-01 -1.000000e+00  1.500505e-01 -3.059410e-02 
 1.500586e-01 -1.000000e+00  1.500586e-01 -3.167292e-02 
 1.500681e-01 -1.000000e+00  1.500681e-01 -2.860399e-02 
 1.500781e-01 -1.000000e+00  1.500781e-01 -2.097535e-02 
 1.500881e-01 -1.000000e+00  1.500881e-01 -1.014241e-02 
 1.500952e-01 -1.000000e+00  1.500952e-01 -1.526555e-03 
 1.501016e-01 -1.000000e+00  1.501016e-01  6.387147e-03 
 1.501081e-01 -1.000000e+00  1.501081e-01  1.382811e-02 
 1.501167e-01 -1.000000e+00  1.501167e-01  2.188854e-02 
 1.501266e-01 -1.000000e+00  1.501266e-01  2.764012e-02 
 1.501366e-01 -1.000000e+00  1.501366e-01  2.892866e-02 
 1.501452e-01 -1.000000e+00  1.501452e-01  2.622202e-02 
 1.501518e-01 -1.000000e+00  1.501518e-01  2.198623e-02 
 1.501580e-01 -1.000000e+00  1.501580e-01  1.667109e-02 
 1.501641e-01 -1.000000e+00  1.501641e-01  1.039404e-02 
 1.501703e-01 -1.000000e+00  1.501703e-01  3.522160e-03 
 1.501765e-01 -1.000000e+00  1.501765e-01 -3.576298e-03 
 1.501831e-01 -1.000000e+00  1.501831e-01 -1.070814e-02 
 1.501909e-01 -1.000000e+00  1.501909e-01 -1.797761e-02 
 1.501994e-01 -1.000000e+00  1.501994e-01 -2.360992e-02 
 1.502080e-01 -1.000000e+00  1.502080e-01 -2.643593e-02 
 1.502178e-01 -1.000000e+00  1.502178e-01 -2.571970e-02 
 1.502278e-01 -1.000000e+00  1.502278e-01 -2.091490e-02 
 1.502378e-01 -1.000000e+00  1.502378e-01 -1.285315e-02 
 1.502460e-01 -1.000000e+00  1.502460e-01 -4.702715e-03 
 1.502526e-01 -1.000000e+00  1.502526e-01  2.173487e-03 
 1.502594e-01 -1.000000e+00  1.502594e-01  8.960988e-03 
 1.502666e-01 -1.000000e+00  1.502666e-01  1.534746e-02 
 1.502762e-01 -1.000000e+00  1.502762e-01  2.148843e-02 
 1.502862e-01 -1.000000e+00  1.502862e-01  2.431841e-02 
 1.502962e-01 -1.000000e+00  1.502962e-01  2.316896e-02 
 1.503047e-01 -1.000000e+00  1.503047e-01  1.926658e-02 
 1.503116e-01 -1.000000e+00  1.503116e-01  1.441150e-02 
 1.503176e-01 -1.000000e+00  1.503176e-01  9.277710e-03 
 1.503235e-01 -1.000000e+00  1.503235e-01  3.805853e-03 
 1.503293e-01 -1.000000e+00  1.503293e-01 -1.733249e-03 
 1.503353e-01 -1.000000e+00  1.503353e-01 -7.353690e-03 
 1.503425e-01 -1.000000e+00  1.503425e-01 -1.326888e-02 
 1.503518e-01 -1.000000e+00  1.503518e-01 -1.907194e-02 
 1.503616e-01 -1.000000e+00  1.503616e-01 -2.213974e-02 
 1.503716e-01 -1.000000e+00  1.503716e-01 -2.170117e-02 
 1.503816e-01 -1.000000e+00  1.503816e-01 -1.778267e-02 
 1.503916e-01 -1.000000e+00  1.503916e-01 -1.109174e-02 
 1.503999e-01 -1.000000e+00  1.503999e-01 -4.143003e-03 
 1.504066e-01 -1.000000e+00  1.504066e-01  1.655263e-03 
 1.504134e-01 -1.000000e+00  1.504134e-01  7.396733e-03 
 1.504206e-01 -1.000000e+00  1.504206e-01  1.272616e-02 
 1.504302e-01 -1.000000e+00  1.504302e-01  1.794966e-02 
 1.504402e-01 -1.000000e+00  1.504402e-01  2.041207e-02 
 1.504502e-01 -1.000000e+00  1.504502e-01  1.953185e-02 
 1.504602e-01 -1.000000e+00  1.504602e-01  1.552447e-02 
 1.504686e-01 -1.000000e+00  1.504686e-01  1.020782e-02 
 1.504776e-01 -1.000000e+00  1.504776e-01  3.346196e-03 
 1.504845e-01 -1.000000e+00  1.504845e-01 -2.140495e-03 
 1.504914e-01 -1.000000e+00  1.504914e-01 -7.460627e-03 
 1.504989e-01 -1.000000e+00  1.504989e-01 -1.239163e-02 
 1.505086e-01 -1.000000e+00  1.505086e-01 -1.695668e-02 
 1.505100e-01 -1.000000e+00  1.505100e-01 -1.739317e-02 
 1.505102e-01 -9.651834e-01  1.505102e-01 -1.743831e-02 
 1.505105e-01 -8.955502e-01  1.505105e-01 -1.751469e-02 
 1.505112e-01 -7.562839e-01  1.505112e-01 -1.758419e-02 
 1.505126e-01 -4.777511e-01  1.505126e-01 -1.739076e-02 
 1.505140e-01 -2.026020e-01  1.505140e-01 -1.676612e-02 
 1.505167e-01  3.476962e-01  1.505167e-01 -1.424251e-02 
 1.505200e-01  1.000000e+00  1.505200e-01 -9.105285e-03 
 1.505204e-01  1.000000e+00  1.505204e-01 -8.336210e-03 
 1.505212e-01  1.000000e+00  1.505212e-01 -6.795420e-03 
 1.505228e-01  1.000000e+00  1.505228e-01 -3.702928e-03 
 1.505248e-01  1.000000e+00  1.505248e-01  2.725257e-04 
 1.505279e-01  1.000000e+00  1.505279e-01  6.254325e-03 
 1.505323e-01  1.000000e+00  1.505323e-01  1.443329e-02 
 1.505409e-01  1.000000e+00  1.505409e-01  2.846876e-02 
 1.505490e-01  1.000000e+00  1.505490e-01  3.839981e-02 
 1.505571e-01  1.000000e+00  1.505571e-01  4.403491e-02 
 1.505645e-01  1.000000e+00  1.505645e-01  4.497123e-02 
 1.505727e-01  1.000000e+00  1.505727e-01  4.129287e-02 
 1.505824e-01  1.000000e+00  1.505824e-01  3.129575e-02 
 1.505924e-01  1.000000e+00  1.505924e-01  1.626870e-02 
 1.505995e-01  1.000000e+00  1.505995e-01  3.925288e-03 
 1.506059e-01  1.000000e+00  1.506059e-01 -7.403382e-03 
 1.506125e-01  1.000000e+00  1.506125e-01 -1.822691e-02 
 1.506207e-01  1.000000e+00  1.506207e-01 -2.962202e-02 
 1.506304e-01  1.000000e+00  1.506304e-01 -3.855007e-02 
 1.506404e-01  1.000000e+00  1.506404e-01 -4.136835e-02 
 1.506478e-01  1.000000e+00  1.506478e-01 -3.908487e-02 
 1.506541e-01  1.000000e+00  1.506541e-01 -3.438293e-02 
 1.506604e-01  1.000000e+00  1.506604e-01 -2.742655e-02 
 1.506667e-01  1.000000e+00  1.506667e-01 -1.881926e-02 
 1.506732e-01  1.000000e+00  1.506732e-01 -8.886576e-03 
 1.506796e-01  1.000000e+00  1.506796e-01  1.564632e-03 
 1.506863e-01  1.000000e+00  1.506863e-01  1.208775e-02 
 1.506932e-01  1.000000e+00  1.506932e-01  2.186742e-02 
 1.507009e-01  1.000000e+00  1.507009e-01  3.048569e-02 
 1.507088e-01  1.000000e+00  1.507088e-01  3.605385e-02 
 1.507163e-01  1.000000e+00  1.507163e-01  3.789617e-02 
 1.507247e-01  1.000000e+00  1.507247e-01  3.576165e-02 
 1.507345e-01  1.000000e+00  1.507345e-01  2.816832e-02 
 1.507445e-01  1.000000e+00  1.507445e-01  1.612870e-02 
 1.507521e-01  1.000000e+00  1.507521e-01  5.292904e-03 
 1.507586e-01  1.000000e+00  1.507586e-01 -4.339618e-03 
 1.507652e-01  1.000000e+00  1.507652e-01 -1.372916e-02 
 1.507729e-01  1.000000e+00  1.507729e-01 -2.307058e-02 
 1.507826e-01  1.000000e+00  1.507826e-01 -3.133525e-02 
 1.507926e-01  1.000000e+00  1.507926e-01 -3.473908e-02 
 1.508012e-01  1.000000e+00  1.508012e-01 -3.308484e-02 
 1.508076e-01  1.000000e+00  1.508076e-01 -2.921205e-02 
 1.508138e-01  1.000000e+00  1.508138e-01 -2.365015e-02 
 1.508200e-01  1.000000e+00  1.508200e-01 -1.665272e-02 
 1.508263e-01  1.000000e+00  1.508263e-01 -8.517493e-03 
 1.508332e-01  1.000000e+00  1.508332e-01  7.751786e-04 
 1.508399e-01  1.000000e+00  1.508399e-01  9.623055e-03 
 1.508467e-01  1.000000e+00  1.508467e-01  1.781056e-02 
 1.508544e-01  1.000000e+00  1.508544e-01  2.523698e-02 
 1.508623e-01  1.000000e+00  1.508623e-01  3.010055e-02 
 1.508703e-01  1.000000e+00  1.508703e-01  3.182790e-02 
 1.508796e-01  1.000000e+00  1.508796e-01  2.964205e-02 
 1.508896e-01  1.000000e+00  1.508896e-01  2.274887e-02 
 1.508996e-01  1.000000e+00  1.508996e-01  1.234451e-02 
 1.509068e-01  1.000000e+00  1.509068e-01  3.611694e-03 
 1.509132e-01  1.000000e+00  1.509132e-01 -4.403363e-03 
 1.509198e-01  1.000000e+00  1.509198e-01 -1.214304e-02 
 1.509277e-01  1.000000e+00  1.509277e-01 -2.011328e-02 
 1.509374e-01  1.000000e+00  1.509374e-01 -2.674865e-02 
 1.509474e-01  1.000000e+00  1.509474e-01 -2.920461e-02 
 1.509574e-01  1.000000e+00  1.509574e-01 -2.690819e-02 
 1.509645e-01  1.000000e+00  1.509645e-01 -2.261811e-02 
 1.509706e-01  1.000000e+00  1.509706e-01 -1.746709e-02 
 1.509766e-01  1.000000e+00  1.509766e-01 -1.132409e-02 
 1.509827e-01  1.000000e+00  1.509827e-01 -4.531064e-03 
 1.509890e-01  1.000000e+00  1.509890e-01  2.660604e-03 
 1.509956e-01  1.000000e+00  1.509956e-01  9.891793e-03 
 1.510000e-01  1.000000e+00  1.510000e-01  1.426992e-02 
 1.510001e-01  9.845707e-01  1.510001e-01  1.434196e-02 
 1.510002e-01  9.537122e-01  1.510002e-01  1.448336e-02 
 1.510005e-01  8.919952e-01  1.510005e-01  1.475001e-02 
 1.510012e-01  7.685611e-01  1.510012e-01  1.521876e-02 
 1.510024e-01  5.276866e-01  1.510024e-01  1.588504e-02 
 1.510037e-01  2.537621e-01  1.510037e-01  1.624283e-02 
 1.510058e-01 -1.588543e-01  1.510058e-01  1.597999e-02 
 1.510080e-01 -5.996821e-01  1.510080e-01  1.464184e-02 
 1.510100e-01 -1.000000e+00  1.510100e-01  1.249344e-02 
 1.510103e-01 -1.000000e+00  1.510103e-01  1.204865e-02 
 1.510110e-01 -1.000000e+00  1.510110e-01  1.115515e-02 
 1.510124e-01 -1.000000e+00  1.510124e-01  9.346774e-03 
 1.510142e-01 -1.000000e+00  1.510142e-01  6.892480e-03 
 1.510168e-01 -1.000000e+00  1.510168e-01  3.366238e-03 
 1.510207e-01 -1.000000e+00  1.510207e-01 -1.969280e-03 
 1.510272e-01 -1.000000e+00  1.510272e-01 -1.040144e-02 
 1.510342e-01 -1.000000e+00  1.510342e-01 -1.865042e-02 
 1.510428e-01 -1.000000e+00  1.510428e-01 -2.640056e-02 
 1.510505e-01 -1.000000e+00  1.510505e-01 -3.059410e-02 
 1.510586e-01 -1.000000e+00  1.510586e-01 -3.167292e-02 
 1.510681e-01 -1.000000e+00  1.510681e-01 -2.860399e-02 
 1.510781e-01 -1.000000e+00  1.510781e-01 -2.097535e-02 
 1.510881e-01 -1.000000e+00  1.510881e-01 -1.014241e-02 
 1.510952e-01 -1.000000e+00  1.510952e-01 -1.526555e-03 
 1.511016e-01 -1.000000e+00  1.511016e-01  6.387147e-03 
 1.511081e-01 -1.000000e+00  1.511081e-01  1.382811e-02 
 1.511167e-01 -1.000000e+00  1.511167e-01  2.188854e-02 
 1.511266e-01 -1.000000e+00  1.511266e-01  2.764012e-02 
 1.511366e-01 -1.000000e+00  1.511366e-01  2.892866e-02 
 1.511452e-01 -1.000000e+00  1.511452e-01  2.622202e-02 
 1.511518e-01 -1.000000e+00  1.511518e-01  2.198623e-02 
 1.511580e-01 -1.000000e+00  1.511580e-01  1.667109e-02 
 1.511641e-01 -1.000000e+00  1.511641e-01  1.039404e-02 
 1.511703e-01 -1.000000e+00  1.511703e-01  3.522160e-03 
 1.511765e-01 -1.000000e+00  1.511765e-01 -3.576298e-03 
 1.511831e-01 -1.000000e+00  1.511831e-01 -1.070814e-02 
 1.511909e-01 -1.000000e+00  1.511909e-01 -1.797761e-02 
 1.511994e-01 -1.000000e+00  1.511994e-01 -2.360992e-02 
 1.512080e-01 -1.000000e+00  1.512080e-01 -2.643593e-02 
 1.512178e-01 -1.000000e+00  1.512178e-01 -2.571970e-02 
 1.512278e-01 -1.000000e+00  1.512278e-01 -2.091490e-02 
 1.512378e-01 -1.000000e+00  1.512378e-01 -1.285315e-02 
 1.512460e-01 -1.000000e+00  1.512460e-01 -4.702715e-03 
 1.512526e-01 -1.000000e+00  1.512526e-01  2.173487e-03 
 1.512594e-01 -1.000000e+00  1.512594e-01  8.960988e-03 
 1.512666e-01 -1.000000e+00  1.512666e-01  1.534746e-02 
 1.512762e-01 -1.000000e+00  1.512762e-01  2.148843e-02 
 1.512862e-01 -1.000000e+00  1.512862e-01  2.431841e-02 
 1.512962e-01 -1.000000e+00  1.512962e-01  2.316896e-02 
 1.513047e-01 -1.000000e+00  1.513047e-01  1.926658e-02 
 1.513116e-01 -1.000000e+00  1.513116e-01  1.441150e-02 
 1.513176e-01 -1.000000e+00  1.513176e-01  9.277710e-03 
 1.513235e-01 -1.000000e+00  1.513235e-01  3.805853e-03 
 1.513293e-01 -1.000000e+00  1.513293e-01 -1.733249e-03 
 1.513353e-01 -1.000000e+00  1.513353e-01 -7.353690e-03 
 1.513425e-01 -1.000000e+00  1.513425e-01 -1.326888e-02 
 1.513518e-01 -1.000000e+00  1.513518e-01 -1.907194e-02 
 1.513616e-01 -1.000000e+00  1.513616e-01 -2.213974e-02 
 1.513716e-01 -1.000000e+00  1.513716e-01 -2.170117e-02 
 1.513816e-01 -1.000000e+00  1.513816e-01 -1.778267e-02 
 1.513916e-01 -1.000000e+00  1.513916e-01 -1.109174e-02 
 1.513999e-01 -1.000000e+00  1.513999e-01 -4.143003e-03 
 1.514066e-01 -1.000000e+00  1.514066e-01  1.655263e-03 
 1.514134e-01 -1.000000e+00  1.514134e-01  7.396733e-03 
 1.514206e-01 -1.000000e+00  1.514206e-01  1.272616e-02 
 1.514302e-01 -1.000000e+00  1.514302e-01  1.794966e-02 
 1.514402e-01 -1.000000e+00  1.514402e-01  2.041207e-02 
 1.514502e-01 -1.000000e+00  1.514502e-01  1.953185e-02 
 1.514602e-01 -1.000000e+00  1.514602e-01  1.552447e-02 
 1.514686e-01 -1.000000e+00  1.514686e-01  1.020782e-02 
 1.514776e-01 -1.000000e+00  1.514776e-01  3.346196e-03 
 1.514845e-01 -1.000000e+00  1.514845e-01 -2.140495e-03 
 1.514914e-01 -1.000000e+00  1.514914e-01 -7.460627e-03 
 1.514989e-01 -1.000000e+00  1.514989e-01 -1.239163e-02 
 1.515086e-01 -1.000000e+00  1.515086e-01 -1.695668e-02 
 1.515100e-01 -1.000000e+00  1.515100e-01 -1.739317e-02 
 1.515102e-01 -9.651834e-01  1.515102e-01 -1.743831e-02 
 1.515105e-01 -8.955502e-01  1.515105e-01 -1.751469e-02 
 1.515112e-01 -7.562839e-01  1.515112e-01 -1.758419e-02 
 1.515126e-01 -4.777511e-01  1.515126e-01 -1.739076e-02 
 1.515140e-01 -2.026020e-01  1.515140e-01 -1.676612e-02 
 1.515167e-01  3.476962e-01  1.515167e-01 -1.424251e-02 
 1.515200e-01  1.000000e+00  1.515200e-01 -9.105285e-03 
 1.515204e-01  1.000000e+00  1.515204e-01 -8.336210e-03 
 1.515212e-01  1.000000e+00  1.515212e-01 -6.795420e-03 
 1.515228e-01  1.000000e+00  1.515228e-01 -3.702928e-03 
 1.515248e-01  1.000000e+00  1.515248e-01  2.725257e-04 
 1.515279e-01  1.000000e+00  1.515279e-01  6.254325e-03 
 1.515323e-01  1.000000e+00  1.515323e-01  1.443329e-02 
 1.515409e-01  1.000000e+00  1.515409e-01  2.846876e-02 
 1.515490e-01  1.000000e+00  1.515490e-01  3.839981e-02 
 1.515571e-01  1.000000e+00  1.515571e-01  4.403491e-02 
 1.515645e-01  1.000000e+00  1.515645e-01  4.497123e-02 
 1.515727e-01  1.000000e+00  1.515727e-01  4.129287e-02 
 1.515824e-01  1.000000e+00  1.515824e-01  3.129575e-02 
 1.515924e-01  1.000000e+00  1.515924e-01  1.626870e-02 
 1.515995e-01  1.000000e+00  1.515995e-01  3.925288e-03 
 1.516059e-01  1.000000e+00  1.516059e-01 -7.403382e-03 
 1.516125e-01  1.000000e+00  1.516125e-01 -1.822691e-02 
 1.516207e-01  1.000000e+00  1.516207e-01 -2.962202e-02 
 1.516304e-01  1.000000e+00  1.516304e-01 -3.855007e-02 
 1.516404e-01  1.000000e+00  1.516404e-01 -4.136835e-02 
 1.516478e-01  1.000000e+00  1.516478e-01 -3.908487e-02 
 1.516541e-01  1.000000e+00  1.516541e-01 -3.438293e-02 
 1.516604e-01  1.000000e+00  1.516604e-01 -2.742655e-02 
 1.516667e-01  1.000000e+00  1.516667e-01 -1.881926e-02 
 1.516732e-01  1.000000e+00  1.516732e-01 -8.886576e-03 
 1.516796e-01  1.000000e+00  1.516796e-01  1.564632e-03 
 1.516863e-01  1.000000e+00  1.516863e-01  1.208775e-02 
 1.516932e-01  1.000000e+00  1.516932e-01  2.186742e-02 
 1.517009e-01  1.000000e+00  1.517009e-01  3.048569e-02 
 1.517088e-01  1.000000e+00  1.517088e-01  3.605385e-02 
 1.517163e-01  1.000000e+00  1.517163e-01  3.789617e-02 
 1.517247e-01  1.000000e+00  1.517247e-01  3.576165e-02 
 1.517345e-01  1.000000e+00  1.517345e-01  2.816832e-02 
 1.517445e-01  1.000000e+00  1.517445e-01  1.612870e-02 
 1.517521e-01  1.000000e+00  1.517521e-01  5.292904e-03 
 1.517586e-01  1.000000e+00  1.517586e-01 -4.339618e-03 
 1.517652e-01  1.000000e+00  1.517652e-01 -1.372916e-02 
 1.517729e-01  1.000000e+00  1.517729e-01 -2.307058e-02 
 1.517826e-01  1.000000e+00  1.517826e-01 -3.133525e-02 
 1.517926e-01  1.000000e+00  1.517926e-01 -3.473908e-02 
 1.518012e-01  1.000000e+00  1.518012e-01 -3.308484e-02 
 1.518076e-01  1.000000e+00  1.518076e-01 -2.921205e-02 
 1.518138e-01  1.000000e+00  1.518138e-01 -2.365015e-02 
 1.518200e-01  1.000000e+00  1.518200e-01 -1.665272e-02 
 1.518263e-01  1.000000e+00  1.518263e-01 -8.517493e-03 
 1.518332e-01  1.000000e+00  1.518332e-01  7.751785e-04 
 1.518399e-01  1.000000e+00  1.518399e-01  9.623055e-03 
 1.518467e-01  1.000000e+00  1.518467e-01  1.781056e-02 
 1.518544e-01  1.000000e+00  1.518544e-01  2.523698e-02 
 1.518623e-01  1.000000e+00  1.518623e-01  3.010055e-02 
 1.518703e-01  1.000000e+00  1.518703e-01  3.182790e-02 
 1.518796e-01  1.000000e+00  1.518796e-01  2.964205e-02 
 1.518896e-01  1.000000e+00  1.518896e-01  2.274887e-02 
 1.518996e-01  1.000000e+00  1.518996e-01  1.234451e-02 
 1.519068e-01  1.000000e+00  1.519068e-01  3.611694e-03 
 1.519132e-01  1.000000e+00  1.519132e-01 -4.403363e-03 
 1.519198e-01  1.000000e+00  1.519198e-01 -1.214304e-02 
 1.519277e-01  1.000000e+00  1.519277e-01 -2.011328e-02 
 1.519374e-01  1.000000e+00  1.519374e-01 -2.674865e-02 
 1.519474e-01  1.000000e+00  1.519474e-01 -2.920461e-02 
 1.519574e-01  1.000000e+00  1.519574e-01 -2.690819e-02 
 1.519645e-01  1.000000e+00  1.519645e-01 -2.261811e-02 
 1.519706e-01  1.000000e+00  1.519706e-01 -1.746709e-02 
 1.519766e-01  1.000000e+00  1.519766e-01 -1.132409e-02 
 1.519827e-01  1.000000e+00  1.519827e-01 -4.531065e-03 
 1.519890e-01  1.000000e+00  1.519890e-01  2.660604e-03 
 1.519956e-01  1.000000e+00  1.519956e-01  9.891793e-03 
 1.520000e-01  1.000000e+00  1.520000e-01  1.426992e-02 
 1.520001e-01  9.845707e-01  1.520001e-01  1.434196e-02 
 1.520002e-01  9.537122e-01  1.520002e-01  1.448336e-02 
 1.520005e-01  8.919952e-01  1.520005e-01  1.475001e-02 
 1.520012e-01  7.685611e-01  1.520012e-01  1.521876e-02 
 1.520024e-01  5.276866e-01  1.520024e-01  1.588504e-02 
 1.520037e-01  2.537621e-01  1.520037e-01  1.624283e-02 
 1.520058e-01 -1.588543e-01  1.520058e-01  1.597999e-02 
 1.520080e-01 -5.996821e-01  1.520080e-01  1.464184e-02 
 1.520100e-01 -1.000000e+00  1.520100e-01  1.249344e-02 
 1.520103e-01 -1.000000e+00  1.520103e-01  1.204865e-02 
 1.520110e-01 -1.000000e+00  1.520110e-01  1.115515e-02 
 1.520124e-01 -1.000000e+00  1.520124e-01  9.346774e-03 
 1.520142e-01 -1.000000e+00  1.520142e-01  6.892480e-03 
 1.520168e-01 -1.000000e+00  1.520168e-01  3.366238e-03 
 1.520207e-01 -1.000000e+00  1.520207e-01 -1.969280e-03 
 1.520272e-01 -1.000000e+00  1.520272e-01 -1.040144e-02 
 1.520342e-01 -1.000000e+00  1.520342e-01 -1.865042e-02 
 1.520428e-01 -1.000000e+00  1.520428e-01 -2.640056e-02 
 1.520505e-01 -1.000000e+00  1.520505e-01 -3.059410e-02 
 1.520586e-01 -1.000000e+00  1.520586e-01 -3.167292e-02 
 1.520681e-01 -1.000000e+00  1.520681e-01 -2.860399e-02 
 1.520781e-01 -1.000000e+00  1.520781e-01 -2.097535e-02 
 1.520881e-01 -1.000000e+00  1.520881e-01 -1.014241e-02 
 1.520952e-01 -1.000000e+00  1.520952e-01 -1.526555e-03 
 1.521016e-01 -1.000000e+00  1.521016e-01  6.387147e-03 
 1.521081e-01 -1.000000e+00  1.521081e-01  1.382811e-02 
 1.521167e-01 -1.000000e+00  1.521167e-01  2.188854e-02 
 1.521266e-01 -1.000000e+00  1.521266e-01  2.764012e-02 
 1.521366e-01 -1.000000e+00  1.521366e-01  2.892866e-02 
 1.521452e-01 -1.000000e+00  1.521452e-01  2.622202e-02 
 1.521518e-01 -1.000000e+00  1.521518e-01  2.198623e-02 
 1.521580e-01 -1.000000e+00  1.521580e-01  1.667109e-02 
 1.521641e-01 -1.000000e+00  1.521641e-01  1.039404e-02 
 1.521703e-01 -1.000000e+00  1.521703e-01  3.522160e-03 
 1.521765e-01 -1.000000e+00  1.521765e-01 -3.576298e-03 
 1.521831e-01 -1.000000e+00  1.521831e-01 -1.070814e-02 
 1.521909e-01 -1.000000e+00  1.521909e-01 -1.797761e-02 
 1.521994e-01 -1.000000e+00  1.521994e-01 -2.360992e-02 
 1.522080e-01 -1.000000e+00  1.522080e-01 -2.643593e-02 
 1.522178e-01 -1.000000e+00  1.522178e-01 -2.571970e-02 
 1.522278e-01 -1.000000e+00  1.522278e-01 -2.091490e-02 
 1.522378e-01 -1.000000e+00  1.522378e-01 -1.285315e-02 
 1.522460e-01 -1.000000e+00  1.522460e-01 -4.702715e-03 
 1.522526e-01 -1.000000e+00  1.522526e-01  2.173487e-03 
 1.522594e-01 -1.000000e+00  1.522594e-01  8.960988e-03 
 1.522666e-01 -1.000000e+00  1.522666e-01  1.534746e-02 
 1.522762e-01 -1.000000e+00  1.522762e-01  2.148843e-02 
 1.522862e-01 -1.000000e+00  1.522862e-01  2.431841e-02 
 1.522962e-01 -1.000000e+00  1.522962e-01  2.316896e-02 
 1.523047e-01 -1.000000e+00  1.523047e-01  1.926658e-02 
 1.523116e-01 -1.000000e+00  1.523116e-01  1.441150e-02 
 1.523176e-01 -1.000000e+00  1.523176e-01  9.277710e-03 
 1.523235e-01 -1.000000e+00  1.523235e-01  3.805853e-03 
 1.523293e-01 -1.000000e+00  1.523293e-01 -1.733249e-03 
 1.523353e-01 -1.000000e+00  1.523353e-01 -7.353690e-03 
 1.523425e-01 -1.000000e+00  1.523425e-01 -1.326888e-02 
 1.523518e-01 -1.000000e+00  1.523518e-01 -1.907194e-02 
 1.523616e-01 -1.000000e+00  1.523616e-01 -2.213974e-02 
 1.523716e-01 -1.000000e+00  1.523716e-01 -2.170117e-02 
 1.523816e-01 -1.000000e+00  1.523816e-01 -1.778267e-02 
 1.523916e-01 -1.000000e+00  1.523916e-01 -1.109174e-02 
 1.523999e-01 -1.000000e+00  1.523999e-01 -4.143003e-03 
 1.524066e-01 -1.000000e+00  1.524066e-01  1.655263e-03 
 1.524134e-01 -1.000000e+00  1.524134e-01  7.396733e-03 
 1.524206e-01 -1.000000e+00  1.524206e-01  1.272616e-02 
 1.524302e-01 -1.000000e+00  1.524302e-01  1.794966e-02 
 1.524402e-01 -1.000000e+00  1.524402e-01  2.041207e-02 
 1.524502e-01 -1.000000e+00  1.524502e-01  1.953185e-02 
 1.524602e-01 -1.000000e+00  1.524602e-01  1.552447e-02 
 1.524686e-01 -1.000000e+00  1.524686e-01  1.020782e-02 
 1.524776e-01 -1.000000e+00  1.524776e-01  3.346196e-03 
 1.524845e-01 -1.000000e+00  1.524845e-01 -2.140495e-03 
 1.524914e-01 -1.000000e+00  1.524914e-01 -7.460627e-03 
 1.524989e-01 -1.000000e+00  1.524989e-01 -1.239163e-02 
 1.525086e-01 -1.000000e+00  1.525086e-01 -1.695668e-02 
 1.525100e-01 -1.000000e+00  1.525100e-01 -1.739317e-02 
 1.525102e-01 -9.651834e-01  1.525102e-01 -1.743831e-02 
 1.525105e-01 -8.955502e-01  1.525105e-01 -1.751469e-02 
 1.525112e-01 -7.562839e-01  1.525112e-01 -1.758419e-02 
 1.525126e-01 -4.777511e-01  1.525126e-01 -1.739076e-02 
 1.525140e-01 -2.026020e-01  1.525140e-01 -1.676612e-02 
 1.525167e-01  3.476962e-01  1.525167e-01 -1.424251e-02 
 1.525200e-01  1.000000e+00  1.525200e-01 -9.105285e-03 
 1.525204e-01  1.000000e+00  1.525204e-01 -8.336210e-03 
 1.525212e-01  1.000000e+00  1.525212e-01 -6.795420e-03 
 1.525228e-01  1.000000e+00  1.525228e-01 -3.702928e-03 
 1.525248e-01  1.000000e+00  1.525248e-01  2.725257e-04 
 1.525279e-01  1.000000e+00  1.525279e-01  6.254325e-03 
 1.525323e-01  1.000000e+00  1.525323e-01  1.443329e-02 
 1.525409e-01  1.000000e+00  1.525409e-01  2.846876e-02 
 1.525490e-01  1.000000e+00  1.525490e-01  3.839981e-02 
 1.525571e-01  1.000000e+00  1.525571e-01  4.403491e-02 
 1.525645e-01  1.000000e+00  1.525645e-01  4.497123e-02 
 1.525727e-01  1.000000e+00  1.525727e-01  4.129287e-02 
 1.525824e-01  1.000000e+00  1.525824e-01  3.129575e-02 
 1.525924e-01  1.000000e+00  1.525924e-01  1.626870e-02 
 1.525995e-01  1.000000e+00  1.525995e-01  3.925288e-03 
 1.526059e-01  1.000000e+00  1.526059e-01 -7.403382e-03 
 1.526125e-01  1.000000e+00  1.526125e-01 -1.822691e-02 
 1.526207e-01  1.000000e+00  1.526207e-01 -2.962202e-02 
 1.526304e-01  1.000000e+00  1.526304e-01 -3.855007e-02 
 1.526404e-01  1.000000e+00  1.526404e-01 -4.136835e-02 
 1.526478e-01  1.000000e+00  1.526478e-01 -3.908487e-02 
 1.526541e-01  1.000000e+00  1.526541e-01 -3.438293e-02 
 1.526604e-01  1.000000e+00  1.526604e-01 -2.742655e-02 
 1.526667e-01  1.000000e+00  1.526667e-01 -1.881926e-02 
 1.526732e-01  1.000000e+00  1.526732e-01 -8.886576e-03 
 1.526796e-01  1.000000e+00  1.526796e-01  1.564632e-03 
 1.526863e-01  1.000000e+00  1.526863e-01  1.208775e-02 
 1.526932e-01  1.000000e+00  1.526932e-01  2.186742e-02 
 1.527009e-01  1.000000e+00  1.527009e-01  3.048569e-02 
 1.527088e-01  1.000000e+00  1.527088e-01  3.605385e-02 
 1.527163e-01  1.000000e+00  1.527163e-01  3.789617e-02 
 1.527247e-01  1.000000e+00  1.527247e-01  3.576165e-02 
 1.527345e-01  1.000000e+00  1.527345e-01  2.816832e-02 
 1.527445e-01  1.000000e+00  1.527445e-01  1.612870e-02 
 1.527521e-01  1.000000e+00  1.527521e-01  5.292904e-03 
 1.527586e-01  1.000000e+00  1.527586e-01 -4.339618e-03 
 1.527652e-01  1.000000e+00  1.527652e-01 -1.372916e-02 
 1.527729e-01  1.000000e+00  1.527729e-01 -2.307058e-02 
 1.527826e-01  1.000000e+00  1.527826e-01 -3.133525e-02 
 1.527926e-01  1.000000e+00  1.527926e-01 -3.473908e-02 
 1.528012e-01  1.000000e+00  1.528012e-01 -3.308484e-02 
 1.528076e-01  1.000000e+00  1.528076e-01 -2.921205e-02 
 1.528138e-01  1.000000e+00  1.528138e-01 -2.365015e-02 
 1.528200e-01  1.000000e+00  1.528200e-01 -1.665272e-02 
 1.528263e-01  1.000000e+00  1.528263e-01 -8.517493e-03 
 1.528332e-01  1.000000e+00  1.528332e-01  7.751786e-04 
 1.528399e-01  1.000000e+00  1.528399e-01  9.623055e-03 
 1.528467e-01  1.000000e+00  1.528467e-01  1.781056e-02 
 1.528544e-01  1.000000e+00  1.528544e-01  2.523698e-02 
 1.528623e-01  1.000000e+00  1.528623e-01  3.010055e-02 
 1.528703e-01  1.000000e+00  1.528703e-01  3.182790e-02 
 1.528796e-01  1.000000e+00  1.528796e-01  2.964205e-02 
 1.528896e-01  1.000000e+00  1.528896e-01  2.274887e-02 
 1.528996e-01  1.000000e+00  1.528996e-01  1.234451e-02 
 1.529068e-01  1.000000e+00  1.529068e-01  3.611694e-03 
 1.529132e-01  1.000000e+00  1.529132e-01 -4.403363e-03 
 1.529198e-01  1.000000e+00  1.529198e-01 -1.214304e-02 
 1.529277e-01  1.000000e+00  1.529277e-01 -2.011328e-02 
 1.529374e-01  1.000000e+00  1.529374e-01 -2.674865e-02 
 1.529474e-01  1.000000e+00  1.529474e-01 -2.920461e-02 
 1.529574e-01  1.000000e+00  1.529574e-01 -2.690819e-02 
 1.529645e-01  1.000000e+00  1.529645e-01 -2.261811e-02 
 1.529706e-01  1.000000e+00  1.529706e-01 -1.746709e-02 
 1.529766e-01  1.000000e+00  1.529766e-01 -1.132409e-02 
 1.529827e-01  1.000000e+00  1.529827e-01 -4.531064e-03 
 1.529890e-01  1.000000e+00  1.529890e-01  2.660604e-03 
 1.529956e-01  1.000000e+00  1.529956e-01  9.891794e-03 
 1.530000e-01  1.000000e+00  1.530000e-01  1.426992e-02 
 1.530001e-01  9.845707e-01  1.530001e-01  1.434196e-02 
 1.530002e-01  9.537122e-01  1.530002e-01  1.448336e-02 
 1.530005e-01  8.919952e-01  1.530005e-01  1.475001e-02 
 1.530012e-01  7.685611e-01  1.530012e-01  1.521876e-02 
 1.530024e-01  5.276866e-01  1.530024e-01  1.588504e-02 
 1.530037e-01  2.537621e-01  1.530037e-01  1.624283e-02 
 1.530058e-01 -1.588543e-01  1.530058e-01  1.597999e-02 
 1.530080e-01 -5.996821e-01  1.530080e-01  1.464184e-02 
 1.530100e-01 -1.000000e+00  1.530100e-01  1.249344e-02 
 1.530103e-01 -1.000000e+00  1.530103e-01  1.204865e-02 
 1.530110e-01 -1.000000e+00  1.530110e-01  1.115515e-02 
 1.530124e-01 -1.000000e+00  1.530124e-01  9.346774e-03 
 1.530142e-01 -1.000000e+00  1.530142e-01  6.892480e-03 
 1.530168e-01 -1.000000e+00  1.530168e-01  3.366238e-03 
 1.530207e-01 -1.000000e+00  1.530207e-01 -1.969280e-03 
 1.530272e-01 -1.000000e+00  1.530272e-01 -1.040144e-02 
 1.530342e-01 -1.000000e+00  1.530342e-01 -1.865042e-02 
 1.530428e-01 -1.000000e+00  1.530428e-01 -2.640056e-02 
 1.530505e-01 -1.000000e+00  1.530505e-01 -3.059410e-02 
 1.530586e-01 -1.000000e+00  1.530586e-01 -3.167292e-02 
 1.530681e-01 -1.000000e+00  1.530681e-01 -2.860399e-02 
 1.530781e-01 -1.000000e+00  1.530781e-01 -2.097535e-02 
 1.530881e-01 -1.000000e+00  1.530881e-01 -1.014241e-02 
 1.530952e-01 -1.000000e+00  1.530952e-01 -1.526555e-03 
 1.531016e-01 -1.000000e+00  1.531016e-01  6.387147e-03 
 1.531081e-01 -1.000000e+00  1.531081e-01  1.382811e-02 
 1.531167e-01 -1.000000e+00  1.531167e-01  2.188854e-02 
 1.531266e-01 -1.000000e+00  1.531266e-01  2.764012e-02 
 1.531366e-01 -1.000000e+00  1.531366e-01  2.892866e-02 
 1.531452e-01 -1.000000e+00  1.531452e-01  2.622202e-02 
 1.531518e-01 -1.000000e+00  1.531518e-01  2.198623e-02 
 1.531580e-01 -1.000000e+00  1.531580e-01  1.667109e-02 
 1.531641e-01 -1.000000e+00  1.531641e-01  1.039404e-02 
 1.531703e-01 -1.000000e+00  1.531703e-01  3.522160e-03 
 1.531765e-01 -1.000000e+00  1.531765e-01 -3.576298e-03 
 1.531831e-01 -1.000000e+00  1.531831e-01 -1.070814e-02 
 1.531909e-01 -1.000000e+00  1.531909e-01 -1.797761e-02 
 1.531994e-01 -1.000000e+00  1.531994e-01 -2.360992e-02 
 1.532080e-01 -1.000000e+00  1.532080e-01 -2.643593e-02 
 1.532178e-01 -1.000000e+00  1.532178e-01 -2.571970e-02 
 1.532278e-01 -1.000000e+00  1.532278e-01 -2.091490e-02 
 1.532378e-01 -1.000000e+00  1.532378e-01 -1.285315e-02 
 1.532460e-01 -1.000000e+00  1.532460e-01 -4.702715e-03 
 1.532526e-01 -1.000000e+00  1.532526e-01  2.173487e-03 
 1.532594e-01 -1.000000e+00  1.532594e-01  8.960988e-03 
 1.532666e-01 -1.000000e+00  1.532666e-01  1.534746e-02 
 1.532762e-01 -1.000000e+00  1.532762e-01  2.148843e-02 
 1.532862e-01 -1.000000e+00  1.532862e-01  2.431841e-02 
 1.532962e-01 -1.000000e+00  1.532962e-01  2.316896e-02 
 1.533047e-01 -1.000000e+00  1.533047e-01  1.926658e-02 
 1.533116e-01 -1.000000e+00  1.533116e-01  1.441150e-02 
 1.533176e-01 -1.000000e+00  1.533176e-01  9.277709e-03 
 1.533235e-01 -1.000000e+00  1.533235e-01  3.805853e-03 
 1.533293e-01 -1.000000e+00  1.533293e-01 -1.733249e-03 
 1.533353e-01 -1.000000e+00  1.533353e-01 -7.353690e-03 
 1.533425e-01 -1.000000e+00  1.533425e-01 -1.326888e-02 
 1.533518e-01 -1.000000e+00  1.533518e-01 -1.907194e-02 
 1.533616e-01 -1.000000e+00  1.533616e-01 -2.213974e-02 
 1.533716e-01 -1.000000e+00  1.533716e-01 -2.170117e-02 
 1.533816e-01 -1.000000e+00  1.533816e-01 -1.778267e-02 
 1.533916e-01 -1.000000e+00  1.533916e-01 -1.109174e-02 
 1.533999e-01 -1.000000e+00  1.533999e-01 -4.143003e-03 
 1.534066e-01 -1.000000e+00  1.534066e-01  1.655263e-03 
 1.534134e-01 -1.000000e+00  1.534134e-01  7.396733e-03 
 1.534206e-01 -1.000000e+00  1.534206e-01  1.272616e-02 
 1.534302e-01 -1.000000e+00  1.534302e-01  1.794966e-02 
 1.534402e-01 -1.000000e+00  1.534402e-01  2.041207e-02 
 1.534502e-01 -1.000000e+00  1.534502e-01  1.953185e-02 
 1.534602e-01 -1.000000e+00  1.534602e-01  1.552447e-02 
 1.534686e-01 -1.000000e+00  1.534686e-01  1.020782e-02 
 1.534776e-01 -1.000000e+00  1.534776e-01  3.346196e-03 
 1.534845e-01 -1.000000e+00  1.534845e-01 -2.140495e-03 
 1.534914e-01 -1.000000e+00  1.534914e-01 -7.460627e-03 
 1.534989e-01 -1.000000e+00  1.534989e-01 -1.239163e-02 
 1.535086e-01 -1.000000e+00  1.535086e-01 -1.695668e-02 
 1.535100e-01 -1.000000e+00  1.535100e-01 -1.739317e-02 
 1.535102e-01 -9.651834e-01  1.535102e-01 -1.743831e-02 
 1.535105e-01 -8.955502e-01  1.535105e-01 -1.751469e-02 
 1.535112e-01 -7.562839e-01  1.535112e-01 -1.758419e-02 
 1.535126e-01 -4.777511e-01  1.535126e-01 -1.739076e-02 
 1.535140e-01 -2.026020e-01  1.535140e-01 -1.676612e-02 
 1.535167e-01  3.476962e-01  1.535167e-01 -1.424251e-02 
 1.535200e-01  1.000000e+00  1.535200e-01 -9.105285e-03 
 1.535204e-01  1.000000e+00  1.535204e-01 -8.336210e-03 
 1.535212e-01  1.000000e+00  1.535212e-01 -6.795420e-03 
 1.535228e-01  1.000000e+00  1.535228e-01 -3.702928e-03 
 1.535248e-01  1.000000e+00  1.535248e-01  2.725257e-04 
 1.535279e-01  1.000000e+00  1.535279e-01  6.254325e-03 
 1.535323e-01  1.000000e+00  1.535323e-01  1.443329e-02 
 1.535409e-01  1.000000e+00  1.535409e-01  2.846876e-02 
 1.535490e-01  1.000000e+00  1.535490e-01  3.839981e-02 
 1.535571e-01  1.000000e+00  1.535571e-01  4.403491e-02 
 1.535645e-01  1.000000e+00  1.535645e-01  4.497123e-02 
 1.535727e-01  1.000000e+00  1.535727e-01  4.129287e-02 
 1.535824e-01  1.000000e+00  1.535824e-01  3.129575e-02 
 1.535924e-01  1.000000e+00  1.535924e-01  1.626870e-02 
 1.535995e-01  1.000000e+00  1.535995e-01  3.925288e-03 
 1.536059e-01  1.000000e+00  1.536059e-01 -7.403382e-03 
 1.536125e-01  1.000000e+00  1.536125e-01 -1.822691e-02 
 1.536207e-01  1.000000e+00  1.536207e-01 -2.962202e-02 
 1.536304e-01  1.000000e+00  1.536304e-01 -3.855007e-02 
 1.536404e-01  1.000000e+00  1.536404e-01 -4.136835e-02 
 1.536478e-01  1.000000e+00  1.536478e-01 -3.908487e-02 
 1.536541e-01  1.000000e+00  1.536541e-01 -3.438293e-02 
 1.536604e-01  1.000000e+00  1.536604e-01 -2.742655e-02 
 1.536667e-01  1.000000e+00  1.536667e-01 -1.881926e-02 
 1.536732e-01  1.000000e+00  1.536732e-01 -8.886576e-03 
 1.536796e-01  1.000000e+00  1.536796e-01  1.564632e-03 
 1.536863e-01  1.000000e+00  1.536863e-01  1.208775e-02 
 1.536932e-01  1.000000e+00  1.536932e-01  2.186742e-02 
 1.537009e-01  1.000000e+00  1.537009e-01  3.048569e-02 
 1.537088e-01  1.000000e+00  1.537088e-01  3.605385e-02 
 1.537163e-01  1.000000e+00  1.537163e-01  3.789617e-02 
 1.537247e-01  1.000000e+00  1.537247e-01  3.576165e-02 
 1.537345e-01  1.000000e+00  1.537345e-01  2.816832e-02 
 1.537445e-01  1.000000e+00  1.537445e-01  1.612870e-02 
 1.537521e-01  1.000000e+00  1.537521e-01  5.292904e-03 
 1.537586e-01  1.000000e+00  1.537586e-01 -4.339618e-03 
 1.537652e-01  1.000000e+00  1.537652e-01 -1.372916e-02 
 1.537729e-01  1.000000e+00  1.537729e-01 -2.307058e-02 
 1.537826e-01  1.000000e+00  1.537826e-01 -3.133525e-02 
 1.537926e-01  1.000000e+00  1.537926e-01 -3.473908e-02 
 1.538012e-01  1.000000e+00  1.538012e-01 -3.308484e-02 
 1.538076e-01  1.000000e+00  1.538076e-01 -2.921205e-02 
 1.538138e-01  1.000000e+00  1.538138e-01 -2.365015e-02 
 1.538200e-01  1.000000e+00  1.538200e-01 -1.665272e-02 
 1.538263e-01  1.000000e+00  1.538263e-01 -8.517493e-03 
 1.538332e-01  1.000000e+00  1.538332e-01  7.751785e-04 
 1.538399e-01  1.000000e+00  1.538399e-01  9.623055e-03 
 1.538467e-01  1.000000e+00  1.538467e-01  1.781056e-02 
 1.538544e-01  1.000000e+00  1.538544e-01  2.523698e-02 
 1.538623e-01  1.000000e+00  1.538623e-01  3.010055e-02 
 1.538703e-01  1.000000e+00  1.538703e-01  3.182790e-02 
 1.538796e-01  1.000000e+00  1.538796e-01  2.964205e-02 
 1.538896e-01  1.000000e+00  1.538896e-01  2.274887e-02 
 1.538996e-01  1.000000e+00  1.538996e-01  1.234451e-02 
 1.539068e-01  1.000000e+00  1.539068e-01  3.611694e-03 
 1.539132e-01  1.000000e+00  1.539132e-01 -4.403363e-03 
 1.539198e-01  1.000000e+00  1.539198e-01 -1.214304e-02 
 1.539277e-01  1.000000e+00  1.539277e-01 -2.011328e-02 
 1.539374e-01  1.000000e+00  1.539374e-01 -2.674865e-02 
 1.539474e-01  1.000000e+00  1.539474e-01 -2.920461e-02 
 1.539574e-01  1.000000e+00  1.539574e-01 -2.690819e-02 
 1.539645e-01  1.000000e+00  1.539645e-01 -2.261811e-02 
 1.539706e-01  1.000000e+00  1.539706e-01 -1.746709e-02 
 1.539766e-01  1.000000e+00  1.539766e-01 -1.132409e-02 
 1.539827e-01  1.000000e+00  1.539827e-01 -4.531065e-03 
 1.539890e-01  1.000000e+00  1.539890e-01  2.660604e-03 
 1.539956e-01  1.000000e+00  1.539956e-01  9.891793e-03 
 1.540000e-01  1.000000e+00  1.540000e-01  1.426992e-02 
 1.540001e-01  9.845707e-01  1.540001e-01  1.434196e-02 
 1.540002e-01  9.537122e-01  1.540002e-01  1.448336e-02 
 1.540005e-01  8.919952e-01  1.540005e-01  1.475001e-02 
 1.540012e-01  7.685611e-01  1.540012e-01  1.521876e-02 
 1.540024e-01  5.276866e-01  1.540024e-01  1.588504e-02 
 1.540037e-01  2.537621e-01  1.540037e-01  1.624283e-02 
 1.540058e-01 -1.588543e-01  1.540058e-01  1.597999e-02 
 1.540080e-01 -5.996821e-01  1.540080e-01  1.464184e-02 
 1.540100e-01 -1.000000e+00  1.540100e-01  1.249344e-02 
 1.540103e-01 -1.000000e+00  1.540103e-01  1.204865e-02 
 1.540110e-01 -1.000000e+00  1.540110e-01  1.115515e-02 
 1.540124e-01 -1.000000e+00  1.540124e-01  9.346774e-03 
 1.540142e-01 -1.000000e+00  1.540142e-01  6.892480e-03 
 1.540168e-01 -1.000000e+00  1.540168e-01  3.366238e-03 
 1.540207e-01 -1.000000e+00  1.540207e-01 -1.969280e-03 
 1.540272e-01 -1.000000e+00  1.540272e-01 -1.040144e-02 
 1.540342e-01 -1.000000e+00  1.540342e-01 -1.865042e-02 
 1.540428e-01 -1.000000e+00  1.540428e-01 -2.640056e-02 
 1.540505e-01 -1.000000e+00  1.540505e-01 -3.059410e-02 
 1.540586e-01 -1.000000e+00  1.540586e-01 -3.167292e-02 
 1.540681e-01 -1.000000e+00  1.540681e-01 -2.860399e-02 
 1.540781e-01 -1.000000e+00  1.540781e-01 -2.097535e-02 
 1.540881e-01 -1.000000e+00  1.540881e-01 -1.014241e-02 
 1.540952e-01 -1.000000e+00  1.540952e-01 -1.526555e-03 
 1.541016e-01 -1.000000e+00  1.541016e-01  6.387147e-03 
 1.541081e-01 -1.000000e+00  1.541081e-01  1.382811e-02 
 1.541167e-01 -1.000000e+00  1.541167e-01  2.188854e-02 
 1.541266e-01 -1.000000e+00  1.541266e-01  2.764012e-02 
 1.541366e-01 -1.000000e+00  1.541366e-01  2.892866e-02 
 1.541452e-01 -1.000000e+00  1.541452e-01  2.622202e-02 
 1.541518e-01 -1.000000e+00  1.541518e-01  2.198623e-02 
 1.541580e-01 -1.000000e+00  1.541580e-01  1.667109e-02 
 1.541641e-01 -1.000000e+00  1.541641e-01  1.039404e-02 
 1.541703e-01 -1.000000e+00  1.541703e-01  3.522160e-03 
 1.541765e-01 -1.000000e+00  1.541765e-01 -3.576298e-03 
 1.541831e-01 -1.000000e+00  1.541831e-01 -1.070814e-02 
 1.541909e-01 -1.000000e+00  1.541909e-01 -1.797761e-02 
 1.541994e-01 -1.000000e+00  1.541994e-01 -2.360992e-02 
 1.542080e-01 -1.000000e+00  1.542080e-01 -2.643593e-02 
 1.542178e-01 -1.000000e+00  1.542178e-01 -2.571970e-02 
 1.542278e-01 -1.000000e+00  1.542278e-01 -2.091490e-02 
 1.542378e-01 -1.000000e+00  1.542378e-01 -1.285315e-02 
 1.542460e-01 -1.000000e+00  1.542460e-01 -4.702715e-03 
 1.542526e-01 -1.000000e+00  1.542526e-01  2.173486e-03 
 1.542594e-01 -1.000000e+00  1.542594e-01  8.960988e-03 
 1.542666e-01 -1.000000e+00  1.542666e-01  1.534746e-02 
 1.542762e-01 -1.000000e+00  1.542762e-01  2.148843e-02 
 1.542862e-01 -1.000000e+00  1.542862e-01  2.431841e-02 
 1.542962e-01 -1.000000e+00  1.542962e-01  2.316896e-02 
 1.543047e-01 -1.000000e+00  1.543047e-01  1.926658e-02 
 1.543116e-01 -1.000000e+00  1.543116e-01  1.441150e-02 
 1.543176e-01 -1.000000e+00  1.543176e-01  9.277710e-03 
 1.543235e-01 -1.000000e+00  1.543235e-01  3.805853e-03 
 1.543293e-01 -1.000000e+00  1.543293e-01 -1.733249e-03 
 1.543353e-01 -1.000000e+00  1.543353e-01 -7.353690e-03 
 1.543425e-01 -1.000000e+00  1.543425e-01 -1.326888e-02 
 1.543518e-01 -1.000000e+00  1.543518e-01 -1.907194e-02 
 1.543616e-01 -1.000000e+00  1.543616e-01 -2.213974e-02 
 1.543716e-01 -1.000000e+00  1.543716e-01 -2.170117e-02 
 1.543816e-01 -1.000000e+00  1.543816e-01 -1.778267e-02 
 1.543916e-01 -1.000000e+00  1.543916e-01 -1.109174e-02 
 1.543999e-01 -1.000000e+00  1.543999e-01 -4.143003e-03 
 1.544066e-01 -1.000000e+00  1.544066e-01  1.655263e-03 
 1.544134e-01 -1.000000e+00  1.544134e-01  7.396733e-03 
 1.544206e-01 -1.000000e+00  1.544206e-01  1.272616e-02 
 1.544302e-01 -1.000000e+00  1.544302e-01  1.794966e-02 
 1.544402e-01 -1.000000e+00  1.544402e-01  2.041207e-02 
 1.544502e-01 -1.000000e+00  1.544502e-01  1.953185e-02 
 1.544602e-01 -1.000000e+00  1.544602e-01  1.552447e-02 
 1.544686e-01 -1.000000e+00  1.544686e-01  1.020782e-02 
 1.544776e-01 -1.000000e+00  1.544776e-01  3.346196e-03 
 1.544845e-01 -1.000000e+00  1.544845e-01 -2.140495e-03 
 1.544914e-01 -1.000000e+00  1.544914e-01 -7.460627e-03 
 1.544989e-01 -1.000000e+00  1.544989e-01 -1.239163e-02 
 1.545086e-01 -1.000000e+00  1.545086e-01 -1.695668e-02 
 1.545100e-01 -1.000000e+00  1.545100e-01 -1.739317e-02 
 1.545102e-01 -9.651834e-01  1.545102e-01 -1.743831e-02 
 1.545105e-01 -8.955502e-01  1.545105e-01 -1.751469e-02 
 1.545112e-01 -7.562839e-01  1.545112e-01 -1.758419e-02 
 1.545126e-01 -4.777511e-01  1.545126e-01 -1.739076e-02 
 1.545140e-01 -2.026020e-01  1.545140e-01 -1.676612e-02 
 1.545167e-01  3.476962e-01  1.545167e-01 -1.424251e-02 
 1.545200e-01  1.000000e+00  1.545200e-01 -9.105285e-03 
 1.545204e-01  1.000000e+00  1.545204e-01 -8.336210e-03 
 1.545212e-01  1.000000e+00  1.545212e-01 -6.795420e-03 
 1.545228e-01  1.000000e+00  1.545228e-01 -3.702928e-03 
 1.545248e-01  1.000000e+00  1.545248e-01  2.725257e-04 
 1.545279e-01  1.000000e+00  1.545279e-01  6.254325e-03 
 1.545323e-01  1.000000e+00  1.545323e-01  1.443329e-02 
 1.545409e-01  1.000000e+00  1.545409e-01  2.846876e-02 
 1.545490e-01  1.000000e+00  1.545490e-01  3.839981e-02 
 1.545571e-01  1.000000e+00  1.545571e-01  4.403491e-02 
 1.545645e-01  1.000000e+00  1.545645e-01  4.497123e-02 
 1.545727e-01  1.000000e+00  1.545727e-01  4.129287e-02 
 1.545824e-01  1.000000e+00  1.545824e-01  3.129575e-02 
 1.545924e-01  1.000000e+00  1.545924e-01  1.626870e-02 
 1.545995e-01  1.000000e+00  1.545995e-01  3.925288e-03 
 1.546059e-01  1.000000e+00  1.546059e-01 -7.403382e-03 
 1.546125e-01  1.000000e+00  1.546125e-01 -1.822691e-02 
 1.546207e-01  1.000000e+00  1.546207e-01 -2.962202e-02 
 1.546304e-01  1.000000e+00  1.546304e-01 -3.855007e-02 
 1.546404e-01  1.000000e+00  1.546404e-01 -4.136835e-02 
 1.546478e-01  1.000000e+00  1.546478e-01 -3.908487e-02 
 1.546541e-01  1.000000e+00  1.546541e-01 -3.438293e-02 
 1.546604e-01  1.000000e+00  1.546604e-01 -2.742655e-02 
 1.546667e-01  1.000000e+00  1.546667e-01 -1.881926e-02 
 1.546732e-01  1.000000e+00  1.546732e-01 -8.886576e-03 
 1.546796e-01  1.000000e+00  1.546796e-01  1.564632e-03 
 1.546863e-01  1.000000e+00  1.546863e-01  1.208775e-02 
 1.546932e-01  1.000000e+00  1.546932e-01  2.186742e-02 
 1.547009e-01  1.000000e+00  1.547009e-01  3.048569e-02 
 1.547088e-01  1.000000e+00  1.547088e-01  3.605385e-02 
 1.547163e-01  1.000000e+00  1.547163e-01  3.789617e-02 
 1.547247e-01  1.000000e+00  1.547247e-01  3.576165e-02 
 1.547345e-01  1.000000e+00  1.547345e-01  2.816832e-02 
 1.547445e-01  1.000000e+00  1.547445e-01  1.612870e-02 
 1.547521e-01  1.000000e+00  1.547521e-01  5.292904e-03 
 1.547586e-01  1.000000e+00  1.547586e-01 -4.339618e-03 
 1.547652e-01  1.000000e+00  1.547652e-01 -1.372916e-02 
 1.547729e-01  1.000000e+00  1.547729e-01 -2.307058e-02 
 1.547826e-01  1.000000e+00  1.547826e-01 -3.133525e-02 
 1.547926e-01  1.000000e+00  1.547926e-01 -3.473908e-02 
 1.548012e-01  1.000000e+00  1.548012e-01 -3.308484e-02 
 1.548076e-01  1.000000e+00  1.548076e-01 -2.921205e-02 
 1.548138e-01  1.000000e+00  1.548138e-01 -2.365015e-02 
 1.548200e-01  1.000000e+00  1.548200e-01 -1.665272e-02 
 1.548263e-01  1.000000e+00  1.548263e-01 -8.517493e-03 
 1.548332e-01  1.000000e+00  1.548332e-01  7.751786e-04 
 1.548399e-01  1.000000e+00  1.548399e-01  9.623055e-03 
 1.548467e-01  1.000000e+00  1.548467e-01  1.781056e-02 
 1.548544e-01  1.000000e+00  1.548544e-01  2.523698e-02 
 1.548623e-01  1.000000e+00  1.548623e-01  3.010055e-02 
 1.548703e-01  1.000000e+00  1.548703e-01  3.182790e-02 
 1.548796e-01  1.000000e+00  1.548796e-01  2.964205e-02 
 1.548896e-01  1.000000e+00  1.548896e-01  2.274887e-02 
 1.548996e-01  1.000000e+00  1.548996e-01  1.234451e-02 
 1.549068e-01  1.000000e+00  1.549068e-01  3.611694e-03 
 1.549132e-01  1.000000e+00  1.549132e-01 -4.403363e-03 
 1.549198e-01  1.000000e+00  1.549198e-01 -1.214304e-02 
 1.549277e-01  1.000000e+00  1.549277e-01 -2.011328e-02 
 1.549374e-01  1.000000e+00  1.549374e-01 -2.674865e-02 
 1.549474e-01  1.000000e+00  1.549474e-01 -2.920461e-02 
 1.549574e-01  1.000000e+00  1.549574e-01 -2.690819e-02 
 1.549645e-01  1.000000e+00  1.549645e-01 -2.261811e-02 
 1.549706e-01  1.000000e+00  1.549706e-01 -1.746709e-02 
 1.549766e-01  1.000000e+00  1.549766e-01 -1.132409e-02 
 1.549827e-01  1.000000e+00  1.549827e-01 -4.531064e-03 
 1.549890e-01  1.000000e+00  1.549890e-01  2.660604e-03 
 1.549956e-01  1.000000e+00  1.549956e-01  9.891794e-03 
 1.550000e-01  1.000000e+00  1.550000e-01  1.426992e-02 
 1.550001e-01  9.845707e-01  1.550001e-01  1.434196e-02 
 1.550002e-01  9.537122e-01  1.550002e-01  1.448336e-02 
 1.550005e-01  8.919952e-01  1.550005e-01  1.475001e-02 
 1.550012e-01  7.685611e-01  1.550012e-01  1.521876e-02 
 1.550024e-01  5.276866e-01  1.550024e-01  1.588504e-02 
 1.550037e-01  2.537621e-01  1.550037e-01  1.624283e-02 
 1.550058e-01 -1.588543e-01  1.550058e-01  1.597999e-02 
 1.550080e-01 -5.996821e-01  1.550080e-01  1.464184e-02 
 1.550100e-01 -1.000000e+00  1.550100e-01  1.249344e-02 
 1.550103e-01 -1.000000e+00  1.550103e-01  1.204865e-02 
 1.550110e-01 -1.000000e+00  1.550110e-01  1.115515e-02 
 1.550124e-01 -1.000000e+00  1.550124e-01  9.346774e-03 
 1.550142e-01 -1.000000e+00  1.550142e-01  6.892480e-03 
 1.550168e-01 -1.000000e+00  1.550168e-01  3.366238e-03 
 1.550207e-01 -1.000000e+00  1.550207e-01 -1.969280e-03 
 1.550272e-01 -1.000000e+00  1.550272e-01 -1.040144e-02 
 1.550342e-01 -1.000000e+00  1.550342e-01 -1.865042e-02 
 1.550428e-01 -1.000000e+00  1.550428e-01 -2.640056e-02 
 1.550505e-01 -1.000000e+00  1.550505e-01 -3.059410e-02 
 1.550586e-01 -1.000000e+00  1.550586e-01 -3.167292e-02 
 1.550681e-01 -1.000000e+00  1.550681e-01 -2.860399e-02 
 1.550781e-01 -1.000000e+00  1.550781e-01 -2.097535e-02 
 1.550881e-01 -1.000000e+00  1.550881e-01 -1.014241e-02 
 1.550952e-01 -1.000000e+00  1.550952e-01 -1.526555e-03 
 1.551016e-01 -1.000000e+00  1.551016e-01  6.387147e-03 
 1.551081e-01 -1.000000e+00  1.551081e-01  1.382811e-02 
 1.551167e-01 -1.000000e+00  1.551167e-01  2.188854e-02 
 1.551266e-01 -1.000000e+00  1.551266e-01  2.764012e-02 
 1.551366e-01 -1.000000e+00  1.551366e-01  2.892866e-02 
 1.551452e-01 -1.000000e+00  1.551452e-01  2.622202e-02 
 1.551518e-01 -1.000000e+00  1.551518e-01  2.198623e-02 
 1.551580e-01 -1.000000e+00  1.551580e-01  1.667109e-02 
 1.551641e-01 -1.000000e+00  1.551641e-01  1.039404e-02 
 1.551703e-01 -1.000000e+00  1.551703e-01  3.522160e-03 
 1.551765e-01 -1.000000e+00  1.551765e-01 -3.576298e-03 
 1.551831e-01 -1.000000e+00  1.551831e-01 -1.070814e-02 
 1.551909e-01 -1.000000e+00  1.551909e-01 -1.797761e-02 
 1.551994e-01 -1.000000e+00  1.551994e-01 -2.360992e-02 
 1.552080e-01 -1.000000e+00  1.552080e-01 -2.643593e-02 
 1.552178e-01 -1.000000e+00  1.552178e-01 -2.571970e-02 
 1.552278e-01 -1.000000e+00  1.552278e-01 -2.091490e-02 
 1.552378e-01 -1.000000e+00  1.552378e-01 -1.285315e-02 
 1.552460e-01 -1.000000e+00  1.552460e-01 -4.702715e-03 
 1.552526e-01 -1.000000e+00  1.552526e-01  2.173487e-03 
 1.552594e-01 -1.000000e+00  1.552594e-01  8.960988e-03 
 1.552666e-01 -1.000000e+00  1.552666e-01  1.534746e-02 
 1.552762e-01 -1.000000e+00  1.552762e-01  2.148843e-02 
 1.552862e-01 -1.000000e+00  1.552862e-01  2.431841e-02 
 1.552962e-01 -1.000000e+00  1.552962e-01  2.316896e-02 
 1.553047e-01 -1.000000e+00  1.553047e-01  1.926658e-02 
 1.553116e-01 -1.000000e+00  1.553116e-01  1.441150e-02 
 1.553176e-01 -1.000000e+00  1.553176e-01  9.277710e-03 
 1.553235e-01 -1.000000e+00  1.553235e-01  3.805853e-03 
 1.553293e-01 -1.000000e+00  1.553293e-01 -1.733249e-03 
 1.553353e-01 -1.000000e+00  1.553353e-01 -7.353690e-03 
 1.553425e-01 -1.000000e+00  1.553425e-01 -1.326888e-02 
 1.553518e-01 -1.000000e+00  1.553518e-01 -1.907194e-02 
 1.553616e-01 -1.000000e+00  1.553616e-01 -2.213974e-02 
 1.553716e-01 -1.000000e+00  1.553716e-01 -2.170117e-02 
 1.553816e-01 -1.000000e+00  1.553816e-01 -1.778267e-02 
 1.553916e-01 -1.000000e+00  1.553916e-01 -1.109174e-02 
 1.553999e-01 -1.000000e+00  1.553999e-01 -4.143003e-03 
 1.554066e-01 -1.000000e+00  1.554066e-01  1.655263e-03 
 1.554134e-01 -1.000000e+00  1.554134e-01  7.396733e-03 
 1.554206e-01 -1.000000e+00  1.554206e-01  1.272616e-02 
 1.554302e-01 -1.000000e+00  1.554302e-01  1.794966e-02 
 1.554402e-01 -1.000000e+00  1.554402e-01  2.041207e-02 
 1.554502e-01 -1.000000e+00  1.554502e-01  1.953185e-02 
 1.554602e-01 -1.000000e+00  1.554602e-01  1.552447e-02 
 1.554686e-01 -1.000000e+00  1.554686e-01  1.020782e-02 
 1.554776e-01 -1.000000e+00  1.554776e-01  3.346196e-03 
 1.554845e-01 -1.000000e+00  1.554845e-01 -2.140495e-03 
 1.554914e-01 -1.000000e+00  1.554914e-01 -7.460627e-03 
 1.554989e-01 -1.000000e+00  1.554989e-01 -1.239163e-02 
 1.555086e-01 -1.000000e+00  1.555086e-01 -1.695668e-02 
 1.555100e-01 -1.000000e+00  1.555100e-01 -1.739317e-02 
 1.555102e-01 -9.651834e-01  1.555102e-01 -1.743831e-02 
 1.555105e-01 -8.955502e-01  1.555105e-01 -1.751469e-02 
 1.555112e-01 -7.562839e-01  1.555112e-01 -1.758419e-02 
 1.555126e-01 -4.777511e-01  1.555126e-01 -1.739076e-02 
 1.555140e-01 -2.026020e-01  1.555140e-01 -1.676612e-02 
 1.555167e-01  3.476962e-01  1.555167e-01 -1.424251e-02 
 1.555200e-01  1.000000e+00  1.555200e-01 -9.105285e-03 
 1.555204e-01  1.000000e+00  1.555204e-01 -8.336210e-03 
 1.555212e-01  1.000000e+00  1.555212e-01 -6.795420e-03 
 1.555228e-01  1.000000e+00  1.555228e-01 -3.702928e-03 
 1.555248e-01  1.000000e+00  1.555248e-01  2.725257e-04 
 1.555279e-01  1.000000e+00  1.555279e-01  6.254325e-03 
 1.555323e-01  1.000000e+00  1.555323e-01  1.443329e-02 
 1.555409e-01  1.000000e+00  1.555409e-01  2.846876e-02 
 1.555490e-01  1.000000e+00  1.555490e-01  3.839981e-02 
 1.555571e-01  1.000000e+00  1.555571e-01  4.403491e-02 
 1.555645e-01  1.000000e+00  1.555645e-01  4.497123e-02 
 1.555727e-01  1.000000e+00  1.555727e-01  4.129287e-02 
 1.555824e-01  1.000000e+00  1.555824e-01  3.129575e-02 
 1.555924e-01  1.000000e+00  1.555924e-01  1.626870e-02 
 1.555995e-01  1.000000e+00  1.555995e-01  3.925288e-03 
 1.556059e-01  1.000000e+00  1.556059e-01 -7.403382e-03 
 1.556125e-01  1.000000e+00  1.556125e-01 -1.822691e-02 
 1.556207e-01  1.000000e+00  1.556207e-01 -2.962202e-02 
 1.556304e-01  1.000000e+00  1.556304e-01 -3.855007e-02 
 1.556404e-01  1.000000e+00  1.556404e-01 -4.136835e-02 
 1.556478e-01  1.000000e+00  1.556478e-01 -3.908487e-02 
 1.556541e-01  1.000000e+00  1.556541e-01 -3.438293e-02 
 1.556604e-01  1.000000e+00  1.556604e-01 -2.742655e-02 
 1.556667e-01  1.000000e+00  1.556667e-01 -1.881926e-02 
 1.556732e-01  1.000000e+00  1.556732e-01 -8.886576e-03 
 1.556796e-01  1.000000e+00  1.556796e-01  1.564632e-03 
 1.556863e-01  1.000000e+00  1.556863e-01  1.208775e-02 
 1.556932e-01  1.000000e+00  1.556932e-01  2.186742e-02 
 1.557009e-01  1.000000e+00  1.557009e-01  3.048569e-02 
 1.557088e-01  1.000000e+00  1.557088e-01  3.605385e-02 
 1.557163e-01  1.000000e+00  1.557163e-01  3.789617e-02 
 1.557247e-01  1.000000e+00  1.557247e-01  3.576165e-02 
 1.557345e-01  1.000000e+00  1.557345e-01  2.816832e-02 
 1.557445e-01  1.000000e+00  1.557445e-01  1.612870e-02 
 1.557521e-01  1.000000e+00  1.557521e-01  5.292904e-03 
 1.557586e-01  1.000000e+00  1.557586e-01 -4.339618e-03 
 1.557652e-01  1.000000e+00  1.557652e-01 -1.372916e-02 
 1.557729e-01  1.000000e+00  1.557729e-01 -2.307058e-02 
 1.557826e-01  1.000000e+00  1.557826e-01 -3.133525e-02 
 1.557926e-01  1.000000e+00  1.557926e-01 -3.473908e-02 
 1.558012e-01  1.000000e+00  1.558012e-01 -3.308484e-02 
 1.558076e-01  1.000000e+00  1.558076e-01 -2.921205e-02 
 1.558138e-01  1.000000e+00  1.558138e-01 -2.365015e-02 
 1.558200e-01  1.000000e+00  1.558200e-01 -1.665272e-02 
 1.558263e-01  1.000000e+00  1.558263e-01 -8.517493e-03 
 1.558332e-01  1.000000e+00  1.558332e-01  7.751785e-04 
 1.558399e-01  1.000000e+00  1.558399e-01  9.623055e-03 
 1.558467e-01  1.000000e+00  1.558467e-01  1.781056e-02 
 1.558544e-01  1.000000e+00  1.558544e-01  2.523698e-02 
 1.558623e-01  1.000000e+00  1.558623e-01  3.010055e-02 
 1.558703e-01  1.000000e+00  1.558703e-01  3.182790e-02 
 1.558796e-01  1.000000e+00  1.558796e-01  2.964205e-02 
 1.558896e-01  1.000000e+00  1.558896e-01  2.274887e-02 
 1.558996e-01  1.000000e+00  1.558996e-01  1.234451e-02 
 1.559068e-01  1.000000e+00  1.559068e-01  3.611694e-03 
 1.559132e-01  1.000000e+00  1.559132e-01 -4.403363e-03 
 1.559198e-01  1.000000e+00  1.559198e-01 -1.214304e-02 
 1.559277e-01  1.000000e+00  1.559277e-01 -2.011328e-02 
 1.559374e-01  1.000000e+00  1.559374e-01 -2.674865e-02 
 1.559474e-01  1.000000e+00  1.559474e-01 -2.920461e-02 
 1.559574e-01  1.000000e+00  1.559574e-01 -2.690819e-02 
 1.559645e-01  1.000000e+00  1.559645e-01 -2.261811e-02 
 1.559706e-01  1.000000e+00  1.559706e-01 -1.746709e-02 
 1.559766e-01  1.000000e+00  1.559766e-01 -1.132409e-02 
 1.559827e-01  1.000000e+00  1.559827e-01 -4.531065e-03 
 1.559890e-01  1.000000e+00  1.559890e-01  2.660604e-03 
 1.559956e-01  1.000000e+00  1.559956e-01  9.891793e-03 
 1.560000e-01  1.000000e+00  1.560000e-01  1.426992e-02 
 1.560001e-01  9.845707e-01  1.560001e-01  1.434196e-02 
 1.560002e-01  9.537122e-01  1.560002e-01  1.448336e-02 
 1.560005e-01  8.919952e-01  1.560005e-01  1.475001e-02 
 1.560012e-01  7.685611e-01  1.560012e-01  1.521876e-02 
 1.560024e-01  5.276866e-01  1.560024e-01  1.588504e-02 
 1.560037e-01  2.537621e-01  1.560037e-01  1.624283e-02 
 1.560058e-01 -1.588543e-01  1.560058e-01  1.597999e-02 
 1.560080e-01 -5.996821e-01  1.560080e-01  1.464184e-02 
 1.560100e-01 -1.000000e+00  1.560100e-01  1.249344e-02 
 1.560103e-01 -1.000000e+00  1.560103e-01  1.204865e-02 
 1.560110e-01 -1.000000e+00  1.560110e-01  1.115515e-02 
 1.560124e-01 -1.000000e+00  1.560124e-01  9.346774e-03 
 1.560142e-01 -1.000000e+00  1.560142e-01  6.892480e-03 
 1.560168e-01 -1.000000e+00  1.560168e-01  3.366238e-03 
 1.560207e-01 -1.000000e+00  1.560207e-01 -1.969280e-03 
 1.560272e-01 -1.000000e+00  1.560272e-01 -1.040144e-02 
 1.560342e-01 -1.000000e+00  1.560342e-01 -1.865042e-02 
 1.560428e-01 -1.000000e+00  1.560428e-01 -2.640056e-02 
 1.560505e-01 -1.000000e+00  1.560505e-01 -3.059410e-02 
 1.560586e-01 -1.000000e+00  1.560586e-01 -3.167292e-02 
 1.560681e-01 -1.000000e+00  1.560681e-01 -2.860399e-02 
 1.560781e-01 -1.000000e+00  1.560781e-01 -2.097535e-02 
 1.560881e-01 -1.000000e+00  1.560881e-01 -1.014241e-02 
 1.560952e-01 -1.000000e+00  1.560952e-01 -1.526554e-03 
 1.561016e-01 -1.000000e+00  1.561016e-01  6.387147e-03 
 1.561081e-01 -1.000000e+00  1.561081e-01  1.382811e-02 
 1.561167e-01 -1.000000e+00  1.561167e-01  2.188854e-02 
 1.561266e-01 -1.000000e+00  1.561266e-01  2.764012e-02 
 1.561366e-01 -1.000000e+00  1.561366e-01  2.892866e-02 
 1.561452e-01 -1.000000e+00  1.561452e-01  2.622202e-02 
 1.561518e-01 -1.000000e+00  1.561518e-01  2.198623e-02 
 1.561580e-01 -1.000000e+00  1.561580e-01  1.667109e-02 
 1.561641e-01 -1.000000e+00  1.561641e-01  1.039404e-02 
 1.561703e-01 -1.000000e+00  1.561703e-01  3.522160e-03 
 1.561765e-01 -1.000000e+00  1.561765e-01 -3.576298e-03 
 1.561831e-01 -1.000000e+00  1.561831e-01 -1.070814e-02 
 1.561909e-01 -1.000000e+00  1.561909e-01 -1.797761e-02 
 1.561994e-01 -1.000000e+00  1.561994e-01 -2.360992e-02 
 1.562080e-01 -1.000000e+00  1.562080e-01 -2.643593e-02 
 1.562178e-01 -1.000000e+00  1.562178e-01 -2.571970e-02 
 1.562278e-01 -1.000000e+00  1.562278e-01 -2.091490e-02 
 1.562378e-01 -1.000000e+00  1.562378e-01 -1.285315e-02 
 1.562460e-01 -1.000000e+00  1.562460e-01 -4.702715e-03 
 1.562526e-01 -1.000000e+00  1.562526e-01  2.173487e-03 
 1.562594e-01 -1.000000e+00  1.562594e-01  8.960988e-03 
 1.562666e-01 -1.000000e+00  1.562666e-01  1.534746e-02 
 1.562762e-01 -1.000000e+00  1.562762e-01  2.148843e-02 
 1.562862e-01 -1.000000e+00  1.562862e-01  2.431841e-02 
 1.562962e-01 -1.000000e+00  1.562962e-01  2.316896e-02 
 1.563047e-01 -1.000000e+00  1.563047e-01  1.926658e-02 
 1.563116e-01 -1.000000e+00  1.563116e-01  1.441150e-02 
 1.563176e-01 -1.000000e+00  1.563176e-01  9.277709e-03 
 1.563235e-01 -1.000000e+00  1.563235e-01  3.805853e-03 
 1.563293e-01 -1.000000e+00  1.563293e-01 -1.733249e-03 
 1.563353e-01 -1.000000e+00  1.563353e-01 -7.353690e-03 
 1.563425e-01 -1.000000e+00  1.563425e-01 -1.326888e-02 
 1.563518e-01 -1.000000e+00  1.563518e-01 -1.907194e-02 
 1.563616e-01 -1.000000e+00  1.563616e-01 -2.213974e-02 
 1.563716e-01 -1.000000e+00  1.563716e-01 -2.170117e-02 
 1.563816e-01 -1.000000e+00  1.563816e-01 -1.778267e-02 
 1.563916e-01 -1.000000e+00  1.563916e-01 -1.109174e-02 
 1.563999e-01 -1.000000e+00  1.563999e-01 -4.143003e-03 
 1.564066e-01 -1.000000e+00  1.564066e-01  1.655263e-03 
 1.564134e-01 -1.000000e+00  1.564134e-01  7.396733e-03 
 1.564206e-01 -1.000000e+00  1.564206e-01  1.272616e-02 
 1.564302e-01 -1.000000e+00  1.564302e-01  1.794966e-02 
 1.564402e-01 -1.000000e+00  1.564402e-01  2.041207e-02 
 1.564502e-01 -1.000000e+00  1.564502e-01  1.953185e-02 
 1.564602e-01 -1.000000e+00  1.564602e-01  1.552447e-02 
 1.564686e-01 -1.000000e+00  1.564686e-01  1.020782e-02 
 1.564776e-01 -1.000000e+00  1.564776e-01  3.346196e-03 
 1.564845e-01 -1.000000e+00  1.564845e-01 -2.140495e-03 
 1.564914e-01 -1.000000e+00  1.564914e-01 -7.460627e-03 
 1.564989e-01 -1.000000e+00  1.564989e-01 -1.239163e-02 
 1.565086e-01 -1.000000e+00  1.565086e-01 -1.695668e-02 
 1.565100e-01 -1.000000e+00  1.565100e-01 -1.739317e-02 
 1.565102e-01 -9.651834e-01  1.565102e-01 -1.743831e-02 
 1.565105e-01 -8.955502e-01  1.565105e-01 -1.751469e-02 
 1.565112e-01 -7.562839e-01  1.565112e-01 -1.758419e-02 
 1.565126e-01 -4.777511e-01  1.565126e-01 -1.739076e-02 
 1.565140e-01 -2.026020e-01  1.565140e-01 -1.676612e-02 
 1.565167e-01  3.476962e-01  1.565167e-01 -1.424251e-02 
 1.565200e-01  1.000000e+00  1.565200e-01 -9.105285e-03 
 1.565204e-01  1.000000e+00  1.565204e-01 -8.336210e-03 
 1.565212e-01  1.000000e+00  1.565212e-01 -6.795420e-03 
 1.565228e-01  1.000000e+00  1.565228e-01 -3.702928e-03 
 1.565248e-01  1.000000e+00  1.565248e-01  2.725257e-04 
 1.565279e-01  1.000000e+00  1.565279e-01  6.254325e-03 
 1.565323e-01  1.000000e+00  1.565323e-01  1.443329e-02 
 1.565409e-01  1.000000e+00  1.565409e-01  2.846876e-02 
 1.565490e-01  1.000000e+00  1.565490e-01  3.839981e-02 
 1.565571e-01  1.000000e+00  1.565571e-01  4.403491e-02 
 1.565645e-01  1.000000e+00  1.565645e-01  4.497123e-02 
 1.565727e-01  1.000000e+00  1.565727e-01  4.129287e-02 
 1.565824e-01  1.000000e+00  1.565824e-01  3.129575e-02 
 1.565924e-01  1.000000e+00  1.565924e-01  1.626870e-02 
 1.565995e-01  1.000000e+00  1.565995e-01  3.925288e-03 
 1.566059e-01  1.000000e+00  1.566059e-01 -7.403382e-03 
 1.566125e-01  1.000000e+00  1.566125e-01 -1.822691e-02 
 1.566207e-01  1.000000e+00  1.566207e-01 -2.962202e-02 
 1.566304e-01  1.000000e+00  1.566304e-01 -3.855007e-02 
 1.566404e-01  1.000000e+00  1.566404e-01 -4.136835e-02 
 1.566478e-01  1.000000e+00  1.566478e-01 -3.908487e-02 
 1.566541e-01  1.000000e+00  1.566541e-01 -3.438293e-02 
 1.566604e-01  1.000000e+00  1.566604e-01 -2.742655e-02 
 1.566667e-01  1.000000e+00  1.566667e-01 -1.881926e-02 
 1.566732e-01  1.000000e+00  1.566732e-01 -8.886576e-03 
 1.566796e-01  1.000000e+00  1.566796e-01  1.564632e-03 
 1.566863e-01  1.000000e+00  1.566863e-01  1.208775e-02 
 1.566932e-01  1.000000e+00  1.566932e-01  2.186742e-02 
 1.567009e-01  1.000000e+00  1.567009e-01  3.048569e-02 
 1.567088e-01  1.000000e+00  1.567088e-01  3.605385e-02 
 1.567163e-01  1.000000e+00  1.567163e-01  3.789617e-02 
 1.567247e-01  1.000000e+00  1.567247e-01  3.576165e-02 
 1.567345e-01  1.000000e+00  1.567345e-01  2.816832e-02 
 1.567445e-01  1.000000e+00  1.567445e-01  1.612870e-02 
 1.567521e-01  1.000000e+00  1.567521e-01  5.292904e-03 
 1.567586e-01  1.000000e+00  1.567586e-01 -4.339618e-03 
 1.567652e-01  1.000000e+00  1.567652e-01 -1.372916e-02 
 1.567729e-01  1.000000e+00  1.567729e-01 -2.307058e-02 
 1.567826e-01  1.000000e+00  1.567826e-01 -3.133525e-02 
 1.567926e-01  1.000000e+00  1.567926e-01 -3.473908e-02 
 1.568012e-01  1.000000e+00  1.568012e-01 -3.308484e-02 
 1.568076e-01  1.000000e+00  1.568076e-01 -2.921205e-02 
 1.568138e-01  1.000000e+00  1.568138e-01 -2.365015e-02 
 1.568200e-01  1.000000e+00  1.568200e-01 -1.665272e-02 
 1.568263e-01  1.000000e+00  1.568263e-01 -8.517493e-03 
 1.568332e-01  1.000000e+00  1.568332e-01  7.751785e-04 
 1.568399e-01  1.000000e+00  1.568399e-01  9.623055e-03 
 1.568467e-01  1.000000e+00  1.568467e-01  1.781056e-02 
 1.568544e-01  1.000000e+00  1.568544e-01  2.523698e-02 
 1.568623e-01  1.000000e+00  1.568623e-01  3.010055e-02 
 1.568703e-01  1.000000e+00  1.568703e-01  3.182790e-02 
 1.568796e-01  1.000000e+00  1.568796e-01  2.964205e-02 
 1.568896e-01  1.000000e+00  1.568896e-01  2.274887e-02 
 1.568996e-01  1.000000e+00  1.568996e-01  1.234451e-02 
 1.569068e-01  1.000000e+00  1.569068e-01  3.611694e-03 
 1.569132e-01  1.000000e+00  1.569132e-01 -4.403363e-03 
 1.569198e-01  1.000000e+00  1.569198e-01 -1.214304e-02 
 1.569277e-01  1.000000e+00  1.569277e-01 -2.011328e-02 
 1.569374e-01  1.000000e+00  1.569374e-01 -2.674865e-02 
 1.569474e-01  1.000000e+00  1.569474e-01 -2.920461e-02 
 1.569574e-01  1.000000e+00  1.569574e-01 -2.690819e-02 
 1.569645e-01  1.000000e+00  1.569645e-01 -2.261811e-02 
 1.569706e-01  1.000000e+00  1.569706e-01 -1.746709e-02 
 1.569766e-01  1.000000e+00  1.569766e-01 -1.132409e-02 
 1.569827e-01  1.000000e+00  1.569827e-01 -4.531065e-03 
 1.569890e-01  1.000000e+00  1.569890e-01  2.660604e-03 
 1.569956e-01  1.000000e+00  1.569956e-01  9.891793e-03 
 1.570000e-01  1.000000e+00  1.570000e-01  1.426992e-02 
 1.570001e-01  9.845707e-01  1.570001e-01  1.434196e-02 
 1.570002e-01  9.537122e-01  1.570002e-01  1.448336e-02 
 1.570005e-01  8.919952e-01  1.570005e-01  1.475001e-02 
 1.570012e-01  7.685611e-01  1.570012e-01  1.521876e-02 
 1.570024e-01  5.276866e-01  1.570024e-01  1.588504e-02 
 1.570037e-01  2.537621e-01  1.570037e-01  1.624283e-02 
 1.570058e-01 -1.588543e-01  1.570058e-01  1.597999e-02 
 1.570080e-01 -5.996821e-01  1.570080e-01  1.464184e-02 
 1.570100e-01 -1.000000e+00  1.570100e-01  1.249344e-02 
 1.570103e-01 -1.000000e+00  1.570103e-01  1.204865e-02 
 1.570110e-01 -1.000000e+00  1.570110e-01  1.115515e-02 
 1.570124e-01 -1.000000e+00  1.570124e-01  9.346774e-03 
 1.570142e-01 -1.000000e+00  1.570142e-01  6.892480e-03 
 1.570168e-01 -1.000000e+00  1.570168e-01  3.366238e-03 
 1.570207e-01 -1.000000e+00  1.570207e-01 -1.969280e-03 
 1.570272e-01 -1.000000e+00  1.570272e-01 -1.040144e-02 
 1.570342e-01 -1.000000e+00  1.570342e-01 -1.865042e-02 
 1.570428e-01 -1.000000e+00  1.570428e-01 -2.640056e-02 
 1.570505e-01 -1.000000e+00  1.570505e-01 -3.059410e-02 
 1.570586e-01 -1.000000e+00  1.570586e-01 -3.167292e-02 
 1.570681e-01 -1.000000e+00  1.570681e-01 -2.860399e-02 
 1.570781e-01 -1.000000e+00  1.570781e-01 -2.097535e-02 
 1.570881e-01 -1.000000e+00  1.570881e-01 -1.014241e-02 
 1.570952e-01 -1.000000e+00  1.570952e-01 -1.526555e-03 
 1.571016e-01 -1.000000e+00  1.571016e-01  6.387147e-03 
 1.571081e-01 -1.000000e+00  1.571081e-01  1.382811e-02 
 1.571167e-01 -1.000000e+00  1.571167e-01  2.188854e-02 
 1.571266e-01 -1.000000e+00  1.571266e-01  2.764012e-02 
 1.571366e-01 -1.000000e+00  1.571366e-01  2.892866e-02 
 1.571452e-01 -1.000000e+00  1.571452e-01  2.622202e-02 
 1.571518e-01 -1.000000e+00  1.571518e-01  2.198623e-02 
 1.571580e-01 -1.000000e+00  1.571580e-01  1.667109e-02 
 1.571641e-01 -1.000000e+00  1.571641e-01  1.039404e-02 
 1.571703e-01 -1.000000e+00  1.571703e-01  3.522160e-03 
 1.571765e-01 -1.000000e+00  1.571765e-01 -3.576298e-03 
 1.571831e-01 -1.000000e+00  1.571831e-01 -1.070814e-02 
 1.571909e-01 -1.000000e+00  1.571909e-01 -1.797761e-02 
 1.571994e-01 -1.000000e+00  1.571994e-01 -2.360992e-02 
 1.572080e-01 -1.000000e+00  1.572080e-01 -2.643593e-02 
 1.572178e-01 -1.000000e+00  1.572178e-01 -2.571970e-02 
 1.572278e-01 -1.000000e+00  1.572278e-01 -2.091490e-02 
 1.572378e-01 -1.000000e+00  1.572378e-01 -1.285315e-02 
 1.572460e-01 -1.000000e+00  1.572460e-01 -4.702715e-03 
 1.572526e-01 -1.000000e+00  1.572526e-01  2.173487e-03 
 1.572594e-01 -1.000000e+00  1.572594e-01  8.960988e-03 
 1.572666e-01 -1.000000e+00  1.572666e-01  1.534746e-02 
 1.572762e-01 -1.000000e+00  1.572762e-01  2.148843e-02 
 1.572862e-01 -1.000000e+00  1.572862e-01  2.431841e-02 
 1.572962e-01 -1.000000e+00  1.572962e-01  2.316896e-02 
 1.573047e-01 -1.000000e+00  1.573047e-01  1.926658e-02 
 1.573116e-01 -1.000000e+00  1.573116e-01  1.441150e-02 
 1.573176e-01 -1.000000e+00  1.573176e-01  9.277710e-03 
 1.573235e-01 -1.000000e+00  1.573235e-01  3.805853e-03 
 1.573293e-01 -1.000000e+00  1.573293e-01 -1.733249e-03 
 1.573353e-01 -1.000000e+00  1.573353e-01 -7.353690e-03 
 1.573425e-01 -1.000000e+00  1.573425e-01 -1.326888e-02 
 1.573518e-01 -1.000000e+00  1.573518e-01 -1.907194e-02 
 1.573616e-01 -1.000000e+00  1.573616e-01 -2.213974e-02 
 1.573716e-01 -1.000000e+00  1.573716e-01 -2.170117e-02 
 1.573816e-01 -1.000000e+00  1.573816e-01 -1.778267e-02 
 1.573916e-01 -1.000000e+00  1.573916e-01 -1.109174e-02 
 1.573999e-01 -1.000000e+00  1.573999e-01 -4.143003e-03 
 1.574066e-01 -1.000000e+00  1.574066e-01  1.655263e-03 
 1.574134e-01 -1.000000e+00  1.574134e-01  7.396733e-03 
 1.574206e-01 -1.000000e+00  1.574206e-01  1.272616e-02 
 1.574302e-01 -1.000000e+00  1.574302e-01  1.794966e-02 
 1.574402e-01 -1.000000e+00  1.574402e-01  2.041207e-02 
 1.574502e-01 -1.000000e+00  1.574502e-01  1.953185e-02 
 1.574602e-01 -1.000000e+00  1.574602e-01  1.552447e-02 
 1.574686e-01 -1.000000e+00  1.574686e-01  1.020782e-02 
 1.574776e-01 -1.000000e+00  1.574776e-01  3.346196e-03 
 1.574845e-01 -1.000000e+00  1.574845e-01 -2.140495e-03 
 1.574914e-01 -1.000000e+00  1.574914e-01 -7.460627e-03 
 1.574989e-01 -1.000000e+00  1.574989e-01 -1.239163e-02 
 1.575086e-01 -1.000000e+00  1.575086e-01 -1.695668e-02 
 1.575100e-01 -1.000000e+00  1.575100e-01 -1.739317e-02 
 1.575102e-01 -9.651834e-01  1.575102e-01 -1.743831e-02 
 1.575105e-01 -8.955502e-01  1.575105e-01 -1.751469e-02 
 1.575112e-01 -7.562839e-01  1.575112e-01 -1.758419e-02 
 1.575126e-01 -4.777511e-01  1.575126e-01 -1.739076e-02 
 1.575140e-01 -2.026020e-01  1.575140e-01 -1.676612e-02 
 1.575167e-01  3.476962e-01  1.575167e-01 -1.424251e-02 
 1.575200e-01  1.000000e+00  1.575200e-01 -9.105285e-03 
 1.575204e-01  1.000000e+00  1.575204e-01 -8.336210e-03 
 1.575212e-01  1.000000e+00  1.575212e-01 -6.795420e-03 
 1.575228e-01  1.000000e+00  1.575228e-01 -3.702928e-03 
 1.575248e-01  1.000000e+00  1.575248e-01  2.725257e-04 
 1.575279e-01  1.000000e+00  1.575279e-01  6.254325e-03 
 1.575323e-01  1.000000e+00  1.575323e-01  1.443329e-02 
 1.575409e-01  1.000000e+00  1.575409e-01  2.846876e-02 
 1.575490e-01  1.000000e+00  1.575490e-01  3.839981e-02 
 1.575571e-01  1.000000e+00  1.575571e-01  4.403491e-02 
 1.575645e-01  1.000000e+00  1.575645e-01  4.497123e-02 
 1.575727e-01  1.000000e+00  1.575727e-01  4.129287e-02 
 1.575824e-01  1.000000e+00  1.575824e-01  3.129575e-02 
 1.575924e-01  1.000000e+00  1.575924e-01  1.626870e-02 
 1.575995e-01  1.000000e+00  1.575995e-01  3.925288e-03 
 1.576059e-01  1.000000e+00  1.576059e-01 -7.403382e-03 
 1.576125e-01  1.000000e+00  1.576125e-01 -1.822691e-02 
 1.576207e-01  1.000000e+00  1.576207e-01 -2.962202e-02 
 1.576304e-01  1.000000e+00  1.576304e-01 -3.855007e-02 
 1.576404e-01  1.000000e+00  1.576404e-01 -4.136835e-02 
 1.576478e-01  1.000000e+00  1.576478e-01 -3.908487e-02 
 1.576541e-01  1.000000e+00  1.576541e-01 -3.438293e-02 
 1.576604e-01  1.000000e+00  1.576604e-01 -2.742655e-02 
 1.576667e-01  1.000000e+00  1.576667e-01 -1.881926e-02 
 1.576732e-01  1.000000e+00  1.576732e-01 -8.886576e-03 
 1.576796e-01  1.000000e+00  1.576796e-01  1.564632e-03 
 1.576863e-01  1.000000e+00  1.576863e-01  1.208775e-02 
 1.576932e-01  1.000000e+00  1.576932e-01  2.186742e-02 
 1.577009e-01  1.000000e+00  1.577009e-01  3.048569e-02 
 1.577088e-01  1.000000e+00  1.577088e-01  3.605385e-02 
 1.577163e-01  1.000000e+00  1.577163e-01  3.789617e-02 
 1.577247e-01  1.000000e+00  1.577247e-01  3.576165e-02 
 1.577345e-01  1.000000e+00  1.577345e-01  2.816832e-02 
 1.577445e-01  1.000000e+00  1.577445e-01  1.612870e-02 
 1.577521e-01  1.000000e+00  1.577521e-01  5.292904e-03 
 1.577586e-01  1.000000e+00  1.577586e-01 -4.339618e-03 
 1.577652e-01  1.000000e+00  1.577652e-01 -1.372916e-02 
 1.577729e-01  1.000000e+00  1.577729e-01 -2.307058e-02 
 1.577826e-01  1.000000e+00  1.577826e-01 -3.133525e-02 
 1.577926e-01  1.000000e+00  1.577926e-01 -3.473908e-02 
 1.578012e-01  1.000000e+00  1.578012e-01 -3.308484e-02 
 1.578076e-01  1.000000e+00  1.578076e-01 -2.921205e-02 
 1.578138e-01  1.000000e+00  1.578138e-01 -2.365015e-02 
 1.578200e-01  1.000000e+00  1.578200e-01 -1.665272e-02 
 1.578263e-01  1.000000e+00  1.578263e-01 -8.517493e-03 
 1.578332e-01  1.000000e+00  1.578332e-01  7.751785e-04 
 1.578399e-01  1.000000e+00  1.578399e-01  9.623055e-03 
 1.578467e-01  1.000000e+00  1.578467e-01  1.781056e-02 
 1.578544e-01  1.000000e+00  1.578544e-01  2.523698e-02 
 1.578623e-01  1.000000e+00  1.578623e-01  3.010055e-02 
 1.578703e-01  1.000000e+00  1.578703e-01  3.182790e-02 
 1.578796e-01  1.000000e+00  1.578796e-01  2.964205e-02 
 1.578896e-01  1.000000e+00  1.578896e-01  2.274887e-02 
 1.578996e-01  1.000000e+00  1.578996e-01  1.234451e-02 
 1.579068e-01  1.000000e+00  1.579068e-01  3.611694e-03 
 1.579132e-01  1.000000e+00  1.579132e-01 -4.403363e-03 
 1.579198e-01  1.000000e+00  1.579198e-01 -1.214304e-02 
 1.579277e-01  1.000000e+00  1.579277e-01 -2.011328e-02 
 1.579374e-01  1.000000e+00  1.579374e-01 -2.674865e-02 
 1.579474e-01  1.000000e+00  1.579474e-01 -2.920461e-02 
 1.579574e-01  1.000000e+00  1.579574e-01 -2.690819e-02 
 1.579645e-01  1.000000e+00  1.579645e-01 -2.261811e-02 
 1.579706e-01  1.000000e+00  1.579706e-01 -1.746709e-02 
 1.579766e-01  1.000000e+00  1.579766e-01 -1.132409e-02 
 1.579827e-01  1.000000e+00  1.579827e-01 -4.531065e-03 
 1.579890e-01  1.000000e+00  1.579890e-01  2.660604e-03 
 1.579956e-01  1.000000e+00  1.579956e-01  9.891793e-03 
 1.580000e-01  1.000000e+00  1.580000e-01  1.426992e-02 
 1.580001e-01  9.845707e-01  1.580001e-01  1.434196e-02 
 1.580002e-01  9.537122e-01  1.580002e-01  1.448336e-02 
 1.580005e-01  8.919952e-01  1.580005e-01  1.475001e-02 
 1.580012e-01  7.685611e-01  1.580012e-01  1.521876e-02 
 1.580024e-01  5.276866e-01  1.580024e-01  1.588504e-02 
 1.580037e-01  2.537621e-01  1.580037e-01  1.624283e-02 
 1.580058e-01 -1.588543e-01  1.580058e-01  1.597999e-02 
 1.580080e-01 -5.996821e-01  1.580080e-01  1.464184e-02 
 1.580100e-01 -1.000000e+00  1.580100e-01  1.249344e-02 
 1.580103e-01 -1.000000e+00  1.580103e-01  1.204865e-02 
 1.580110e-01 -1.000000e+00  1.580110e-01  1.115515e-02 
 1.580124e-01 -1.000000e+00  1.580124e-01  9.346774e-03 
 1.580142e-01 -1.000000e+00  1.580142e-01  6.892480e-03 
 1.580168e-01 -1.000000e+00  1.580168e-01  3.366238e-03 
 1.580207e-01 -1.000000e+00  1.580207e-01 -1.969280e-03 
 1.580272e-01 -1.000000e+00  1.580272e-01 -1.040144e-02 
 1.580342e-01 -1.000000e+00  1.580342e-01 -1.865042e-02 
 1.580428e-01 -1.000000e+00  1.580428e-01 -2.640056e-02 
 1.580505e-01 -1.000000e+00  1.580505e-01 -3.059410e-02 
 1.580586e-01 -1.000000e+00  1.580586e-01 -3.167292e-02 
 1.580681e-01 -1.000000e+00  1.580681e-01 -2.860399e-02 
 1.580781e-01 -1.000000e+00  1.580781e-01 -2.097535e-02 
 1.580881e-01 -1.000000e+00  1.580881e-01 -1.014241e-02 
 1.580952e-01 -1.000000e+00  1.580952e-01 -1.526555e-03 
 1.581016e-01 -1.000000e+00  1.581016e-01  6.387147e-03 
 1.581081e-01 -1.000000e+00  1.581081e-01  1.382811e-02 
 1.581167e-01 -1.000000e+00  1.581167e-01  2.188854e-02 
 1.581266e-01 -1.000000e+00  1.581266e-01  2.764012e-02 
 1.581366e-01 -1.000000e+00  1.581366e-01  2.892866e-02 
 1.581452e-01 -1.000000e+00  1.581452e-01  2.622202e-02 
 1.581518e-01 -1.000000e+00  1.581518e-01  2.198623e-02 
 1.581580e-01 -1.000000e+00  1.581580e-01  1.667109e-02 
 1.581641e-01 -1.000000e+00  1.581641e-01  1.039404e-02 
 1.581703e-01 -1.000000e+00  1.581703e-01  3.522160e-03 
 1.581765e-01 -1.000000e+00  1.581765e-01 -3.576298e-03 
 1.581831e-01 -1.000000e+00  1.581831e-01 -1.070814e-02 
 1.581909e-01 -1.000000e+00  1.581909e-01 -1.797761e-02 
 1.581994e-01 -1.000000e+00  1.581994e-01 -2.360992e-02 
 1.582080e-01 -1.000000e+00  1.582080e-01 -2.643593e-02 
 1.582178e-01 -1.000000e+00  1.582178e-01 -2.571970e-02 
 1.582278e-01 -1.000000e+00  1.582278e-01 -2.091490e-02 
 1.582378e-01 -1.000000e+00  1.582378e-01 -1.285315e-02 
 1.582460e-01 -1.000000e+00  1.582460e-01 -4.702715e-03 
 1.582526e-01 -1.000000e+00  1.582526e-01  2.173487e-03 
 1.582594e-01 -1.000000e+00  1.582594e-01  8.960988e-03 
 1.582666e-01 -1.000000e+00  1.582666e-01  1.534746e-02 
 1.582762e-01 -1.000000e+00  1.582762e-01  2.148843e-02 
 1.582862e-01 -1.000000e+00  1.582862e-01  2.431841e-02 
 1.582962e-01 -1.000000e+00  1.582962e-01  2.316896e-02 
 1.583047e-01 -1.000000e+00  1.583047e-01  1.926658e-02 
 1.583116e-01 -1.000000e+00  1.583116e-01  1.441150e-02 
 1.583176e-01 -1.000000e+00  1.583176e-01  9.277710e-03 
 1.583235e-01 -1.000000e+00  1.583235e-01  3.805853e-03 
 1.583293e-01 -1.000000e+00  1.583293e-01 -1.733249e-03 
 1.583353e-01 -1.000000e+00  1.583353e-01 -7.353690e-03 
 1.583425e-01 -1.000000e+00  1.583425e-01 -1.326888e-02 
 1.583518e-01 -1.000000e+00  1.583518e-01 -1.907194e-02 
 1.583616e-01 -1.000000e+00  1.583616e-01 -2.213974e-02 
 1.583716e-01 -1.000000e+00  1.583716e-01 -2.170117e-02 
 1.583816e-01 -1.000000e+00  1.583816e-01 -1.778267e-02 
 1.583916e-01 -1.000000e+00  1.583916e-01 -1.109174e-02 
 1.583999e-01 -1.000000e+00  1.583999e-01 -4.143003e-03 
 1.584066e-01 -1.000000e+00  1.584066e-01  1.655263e-03 
 1.584134e-01 -1.000000e+00  1.584134e-01  7.396733e-03 
 1.584206e-01 -1.000000e+00  1.584206e-01  1.272616e-02 
 1.584302e-01 -1.000000e+00  1.584302e-01  1.794966e-02 
 1.584402e-01 -1.000000e+00  1.584402e-01  2.041207e-02 
 1.584502e-01 -1.000000e+00  1.584502e-01  1.953185e-02 
 1.584602e-01 -1.000000e+00  1.584602e-01  1.552447e-02 
 1.584686e-01 -1.000000e+00  1.584686e-01  1.020782e-02 
 1.584776e-01 -1.000000e+00  1.584776e-01  3.346196e-03 
 1.584845e-01 -1.000000e+00  1.584845e-01 -2.140495e-03 
 1.584914e-01 -1.000000e+00  1.584914e-01 -7.460627e-03 
 1.584989e-01 -1.000000e+00  1.584989e-01 -1.239163e-02 
 1.585086e-01 -1.000000e+00  1.585086e-01 -1.695668e-02 
 1.585100e-01 -1.000000e+00  1.585100e-01 -1.739317e-02 
 1.585102e-01 -9.651834e-01  1.585102e-01 -1.743831e-02 
 1.585105e-01 -8.955502e-01  1.585105e-01 -1.751469e-02 
 1.585112e-01 -7.562839e-01  1.585112e-01 -1.758419e-02 
 1.585126e-01 -4.777511e-01  1.585126e-01 -1.739076e-02 
 1.585140e-01 -2.026020e-01  1.585140e-01 -1.676612e-02 
 1.585167e-01  3.476962e-01  1.585167e-01 -1.424251e-02 
 1.585200e-01  1.000000e+00  1.585200e-01 -9.105285e-03 
 1.585204e-01  1.000000e+00  1.585204e-01 -8.336210e-03 
 1.585212e-01  1.000000e+00  1.585212e-01 -6.795420e-03 
 1.585228e-01  1.000000e+00  1.585228e-01 -3.702928e-03 
 1.585248e-01  1.000000e+00  1.585248e-01  2.725257e-04 
 1.585279e-01  1.000000e+00  1.585279e-01  6.254325e-03 
 1.585323e-01  1.000000e+00  1.585323e-01  1.443329e-02 
 1.585409e-01  1.000000e+00  1.585409e-01  2.846876e-02 
 1.585490e-01  1.000000e+00  1.585490e-01  3.839981e-02 
 1.585571e-01  1.000000e+00  1.585571e-01  4.403491e-02 
 1.585645e-01  1.000000e+00  1.585645e-01  4.497123e-02 
 1.585727e-01  1.000000e+00  1.585727e-01  4.129287e-02 
 1.585824e-01  1.000000e+00  1.585824e-01  3.129575e-02 
 1.585924e-01  1.000000e+00  1.585924e-01  1.626870e-02 
 1.585995e-01  1.000000e+00  1.585995e-01  3.925288e-03 
 1.586059e-01  1.000000e+00  1.586059e-01 -7.403382e-03 
 1.586125e-01  1.000000e+00  1.586125e-01 -1.822691e-02 
 1.586207e-01  1.000000e+00  1.586207e-01 -2.962202e-02 
 1.586304e-01  1.000000e+00  1.586304e-01 -3.855007e-02 
 1.586404e-01  1.000000e+00  1.586404e-01 -4.136835e-02 
 1.586478e-01  1.000000e+00  1.586478e-01 -3.908487e-02 
 1.586541e-01  1.000000e+00  1.586541e-01 -3.438293e-02 
 1.586604e-01  1.000000e+00  1.586604e-01 -2.742655e-02 
 1.586667e-01  1.000000e+00  1.586667e-01 -1.881926e-02 
 1.586732e-01  1.000000e+00  1.586732e-01 -8.886576e-03 
 1.586796e-01  1.000000e+00  1.586796e-01  1.564632e-03 
 1.586863e-01  1.000000e+00  1.586863e-01  1.208775e-02 
 1.586932e-01  1.000000e+00  1.586932e-01  2.186742e-02 
 1.587009e-01  1.000000e+00  1.587009e-01  3.048569e-02 
 1.587088e-01  1.000000e+00  1.587088e-01  3.605385e-02 
 1.587163e-01  1.000000e+00  1.587163e-01  3.789617e-02 
 1.587247e-01  1.000000e+00  1.587247e-01  3.576165e-02 
 1.587345e-01  1.000000e+00  1.587345e-01  2.816832e-02 
 1.587445e-01  1.000000e+00  1.587445e-01  1.612870e-02 
 1.587521e-01  1.000000e+00  1.587521e-01  5.292904e-03 
 1.587586e-01  1.000000e+00  1.587586e-01 -4.339618e-03 
 1.587652e-01  1.000000e+00  1.587652e-01 -1.372916e-02 
 1.587729e-01  1.000000e+00  1.587729e-01 -2.307058e-02 
 1.587826e-01  1.000000e+00  1.587826e-01 -3.133525e-02 
 1.587926e-01  1.000000e+00  1.587926e-01 -3.473908e-02 
 1.588012e-01  1.000000e+00  1.588012e-01 -3.308484e-02 
 1.588076e-01  1.000000e+00  1.588076e-01 -2.921205e-02 
 1.588138e-01  1.000000e+00  1.588138e-01 -2.365015e-02 
 1.588200e-01  1.000000e+00  1.588200e-01 -1.665272e-02 
 1.588263e-01  1.000000e+00  1.588263e-01 -8.517493e-03 
 1.588332e-01  1.000000e+00  1.588332e-01  7.751786e-04 
 1.588399e-01  1.000000e+00  1.588399e-01  9.623055e-03 
 1.588467e-01  1.000000e+00  1.588467e-01  1.781056e-02 
 1.588544e-01  1.000000e+00  1.588544e-01  2.523698e-02 
 1.588623e-01  1.000000e+00  1.588623e-01  3.010055e-02 
 1.588703e-01  1.000000e+00  1.588703e-01  3.182790e-02 
 1.588796e-01  1.000000e+00  1.588796e-01  2.964205e-02 
 1.588896e-01  1.000000e+00  1.588896e-01  2.274887e-02 
 1.588996e-01  1.000000e+00  1.588996e-01  1.234451e-02 
 1.589068e-01  1.000000e+00  1.589068e-01  3.611694e-03 
 1.589132e-01  1.000000e+00  1.589132e-01 -4.403363e-03 
 1.589198e-01  1.000000e+00  1.589198e-01 -1.214304e-02 
 1.589277e-01  1.000000e+00  1.589277e-01 -2.011328e-02 
 1.589374e-01  1.000000e+00  1.589374e-01 -2.674865e-02 
 1.589474e-01  1.000000e+00  1.589474e-01 -2.920461e-02 
 1.589574e-01  1.000000e+00  1.589574e-01 -2.690819e-02 
 1.589645e-01  1.000000e+00  1.589645e-01 -2.261811e-02 
 1.589706e-01  1.000000e+00  1.589706e-01 -1.746709e-02 
 1.589766e-01  1.000000e+00  1.589766e-01 -1.132409e-02 
 1.589827e-01  1.000000e+00  1.589827e-01 -4.531064e-03 
 1.589890e-01  1.000000e+00  1.589890e-01  2.660604e-03 
 1.589956e-01  1.000000e+00  1.589956e-01  9.891793e-03 
 1.590000e-01  1.000000e+00  1.590000e-01  1.426992e-02 
 1.590001e-01  9.845707e-01  1.590001e-01  1.434196e-02 
 1.590002e-01  9.537122e-01  1.590002e-01  1.448336e-02 
 1.590005e-01  8.919952e-01  1.590005e-01  1.475001e-02 
 1.590012e-01  7.685611e-01  1.590012e-01  1.521876e-02 
 1.590024e-01  5.276866e-01  1.590024e-01  1.588504e-02 
 1.590037e-01  2.537621e-01  1.590037e-01  1.624283e-02 
 1.590058e-01 -1.588543e-01  1.590058e-01  1.597999e-02 
 1.590080e-01 -5.996821e-01  1.590080e-01  1.464184e-02 
 1.590100e-01 -1.000000e+00  1.590100e-01  1.249344e-02 
 1.590103e-01 -1.000000e+00  1.590103e-01  1.204865e-02 
 1.590110e-01 -1.000000e+00  1.590110e-01  1.115515e-02 
 1.590124e-01 -1.000000e+00  1.590124e-01  9.346774e-03 
 1.590142e-01 -1.000000e+00  1.590142e-01  6.892480e-03 
 1.590168e-01 -1.000000e+00  1.590168e-01  3.366238e-03 
 1.590207e-01 -1.000000e+00  1.590207e-01 -1.969280e-03 
 1.590272e-01 -1.000000e+00  1.590272e-01 -1.040144e-02 
 1.590342e-01 -1.000000e+00  1.590342e-01 -1.865042e-02 
 1.590428e-01 -1.000000e+00  1.590428e-01 -2.640056e-02 
 1.590505e-01 -1.000000e+00  1.590505e-01 -3.059410e-02 
 1.590586e-01 -1.000000e+00  1.590586e-01 -3.167292e-02 
 1.590681e-01 -1.000000e+00  1.590681e-01 -2.860399e-02 
 1.590781e-01 -1.000000e+00  1.590781e-01 -2.097535e-02 
 1.590881e-01 -1.000000e+00  1.590881e-01 -1.014241e-02 
 1.590952e-01 -1.000000e+00  1.590952e-01 -1.526555e-03 
 1.591016e-01 -1.000000e+00  1.591016e-01  6.387147e-03 
 1.591081e-01 -1.000000e+00  1.591081e-01  1.382811e-02 
 1.591167e-01 -1.000000e+00  1.591167e-01  2.188854e-02 
 1.591266e-01 -1.000000e+00  1.591266e-01  2.764012e-02 
 1.591366e-01 -1.000000e+00  1.591366e-01  2.892866e-02 
 1.591452e-01 -1.000000e+00  1.591452e-01  2.622202e-02 
 1.591518e-01 -1.000000e+00  1.591518e-01  2.198623e-02 
 1.591580e-01 -1.000000e+00  1.591580e-01  1.667109e-02 
 1.591641e-01 -1.000000e+00  1.591641e-01  1.039404e-02 
 1.591703e-01 -1.000000e+00  1.591703e-01  3.522160e-03 
 1.591765e-01 -1.000000e+00  1.591765e-01 -3.576298e-03 
 1.591831e-01 -1.000000e+00  1.591831e-01 -1.070814e-02 
 1.591909e-01 -1.000000e+00  1.591909e-01 -1.797761e-02 
 1.591994e-01 -1.000000e+00  1.591994e-01 -2.360992e-02 
 1.592080e-01 -1.000000e+00  1.592080e-01 -2.643593e-02 
 1.592178e-01 -1.000000e+00  1.592178e-01 -2.571970e-02 
 1.592278e-01 -1.000000e+00  1.592278e-01 -2.091490e-02 
 1.592378e-01 -1.000000e+00  1.592378e-01 -1.285315e-02 
 1.592460e-01 -1.000000e+00  1.592460e-01 -4.702715e-03 
 1.592526e-01 -1.000000e+00  1.592526e-01  2.173487e-03 
 1.592594e-01 -1.000000e+00  1.592594e-01  8.960988e-03 
 1.592666e-01 -1.000000e+00  1.592666e-01  1.534746e-02 
 1.592762e-01 -1.000000e+00  1.592762e-01  2.148843e-02 
 1.592862e-01 -1.000000e+00  1.592862e-01  2.431841e-02 
 1.592962e-01 -1.000000e+00  1.592962e-01  2.316896e-02 
 1.593047e-01 -1.000000e+00  1.593047e-01  1.926658e-02 
 1.593116e-01 -1.000000e+00  1.593116e-01  1.441150e-02 
 1.593176e-01 -1.000000e+00  1.593176e-01  9.277709e-03 
 1.593235e-01 -1.000000e+00  1.593235e-01  3.805853e-03 
 1.593293e-01 -1.000000e+00  1.593293e-01 -1.733249e-03 
 1.593353e-01 -1.000000e+00  1.593353e-01 -7.353690e-03 
 1.593425e-01 -1.000000e+00  1.593425e-01 -1.326888e-02 
 1.593518e-01 -1.000000e+00  1.593518e-01 -1.907194e-02 
 1.593616e-01 -1.000000e+00  1.593616e-01 -2.213974e-02 
 1.593716e-01 -1.000000e+00  1.593716e-01 -2.170117e-02 
 1.593816e-01 -1.000000e+00  1.593816e-01 -1.778267e-02 
 1.593916e-01 -1.000000e+00  1.593916e-01 -1.109174e-02 
 1.593999e-01 -1.000000e+00  1.593999e-01 -4.143003e-03 
 1.594066e-01 -1.000000e+00  1.594066e-01  1.655263e-03 
 1.594134e-01 -1.000000e+00  1.594134e-01  7.396733e-03 
 1.594206e-01 -1.000000e+00  1.594206e-01  1.272616e-02 
 1.594302e-01 -1.000000e+00  1.594302e-01  1.794966e-02 
 1.594402e-01 -1.000000e+00  1.594402e-01  2.041207e-02 
 1.594502e-01 -1.000000e+00  1.594502e-01  1.953185e-02 
 1.594602e-01 -1.000000e+00  1.594602e-01  1.552447e-02 
 1.594686e-01 -1.000000e+00  1.594686e-01  1.020782e-02 
 1.594776e-01 -1.000000e+00  1.594776e-01  3.346196e-03 
 1.594845e-01 -1.000000e+00  1.594845e-01 -2.140495e-03 
 1.594914e-01 -1.000000e+00  1.594914e-01 -7.460627e-03 
 1.594989e-01 -1.000000e+00  1.594989e-01 -1.239163e-02 
 1.595086e-01 -1.000000e+00  1.595086e-01 -1.695668e-02 
 1.595100e-01 -1.000000e+00  1.595100e-01 -1.739317e-02 
 1.595102e-01 -9.651834e-01  1.595102e-01 -1.743831e-02 
 1.595105e-01 -8.955502e-01  1.595105e-01 -1.751469e-02 
 1.595112e-01 -7.562839e-01  1.595112e-01 -1.758419e-02 
 1.595126e-01 -4.777511e-01  1.595126e-01 -1.739076e-02 
 1.595140e-01 -2.026020e-01  1.595140e-01 -1.676612e-02 
 1.595167e-01  3.476962e-01  1.595167e-01 -1.424251e-02 
 1.595200e-01  1.000000e+00  1.595200e-01 -9.105285e-03 
 1.595204e-01  1.000000e+00  1.595204e-01 -8.336210e-03 
 1.595212e-01  1.000000e+00  1.595212e-01 -6.795420e-03 
 1.595228e-01  1.000000e+00  1.595228e-01 -3.702928e-03 
 1.595248e-01  1.000000e+00  1.595248e-01  2.725257e-04 
 1.595279e-01  1.000000e+00  1.595279e-01  6.254325e-03 
 1.595323e-01  1.000000e+00  1.595323e-01  1.443329e-02 
 1.595409e-01  1.000000e+00  1.595409e-01  2.846876e-02 
 1.595490e-01  1.000000e+00  1.595490e-01  3.839981e-02 
 1.595571e-01  1.000000e+00  1.595571e-01  4.403491e-02 
 1.595645e-01  1.000000e+00  1.595645e-01  4.497123e-02 
 1.595727e-01  1.000000e+00  1.595727e-01  4.129287e-02 
 1.595824e-01  1.000000e+00  1.595824e-01  3.129575e-02 
 1.595924e-01  1.000000e+00  1.595924e-01  1.626870e-02 
 1.595995e-01  1.000000e+00  1.595995e-01  3.925288e-03 
 1.596059e-01  1.000000e+00  1.596059e-01 -7.403382e-03 
 1.596125e-01  1.000000e+00  1.596125e-01 -1.822691e-02 
 1.596207e-01  1.000000e+00  1.596207e-01 -2.962202e-02 
 1.596304e-01  1.000000e+00  1.596304e-01 -3.855007e-02 
 1.596404e-01  1.000000e+00  1.596404e-01 -4.136835e-02 
 1.596478e-01  1.000000e+00  1.596478e-01 -3.908487e-02 
 1.596541e-01  1.000000e+00  1.596541e-01 -3.438293e-02 
 1.596604e-01  1.000000e+00  1.596604e-01 -2.742655e-02 
 1.596667e-01  1.000000e+00  1.596667e-01 -1.881926e-02 
 1.596732e-01  1.000000e+00  1.596732e-01 -8.886576e-03 
 1.596796e-01  1.000000e+00  1.596796e-01  1.564632e-03 
 1.596863e-01  1.000000e+00  1.596863e-01  1.208775e-02 
 1.596932e-01  1.000000e+00  1.596932e-01  2.186742e-02 
 1.597009e-01  1.000000e+00  1.597009e-01  3.048569e-02 
 1.597088e-01  1.000000e+00  1.597088e-01  3.605385e-02 
 1.597163e-01  1.000000e+00  1.597163e-01  3.789617e-02 
 1.597247e-01  1.000000e+00  1.597247e-01  3.576165e-02 
 1.597345e-01  1.000000e+00  1.597345e-01  2.816832e-02 
 1.597445e-01  1.000000e+00  1.597445e-01  1.612870e-02 
 1.597521e-01  1.000000e+00  1.597521e-01  5.292904e-03 
 1.597586e-01  1.000000e+00  1.597586e-01 -4.339618e-03 
 1.597652e-01  1.000000e+00  1.597652e-01 -1.372916e-02 
 1.597729e-01  1.000000e+00  1.597729e-01 -2.307058e-02 
 1.597826e-01  1.000000e+00  1.597826e-01 -3.133525e-02 
 1.597926e-01  1.000000e+00  1.597926e-01 -3.473908e-02 
 1.598012e-01  1.000000e+00  1.598012e-01 -3.308484e-02 
 1.598076e-01  1.000000e+00  1.598076e-01 -2.921205e-02 
 1.598138e-01  1.000000e+00  1.598138e-01 -2.365015e-02 
 1.598200e-01  1.000000e+00  1.598200e-01 -1.665272e-02 
 1.598263e-01  1.000000e+00  1.598263e-01 -8.517493e-03 
 1.598332e-01  1.000000e+00  1.598332e-01  7.751785e-04 
 1.598399e-01  1.000000e+00  1.598399e-01  9.623055e-03 
 1.598467e-01  1.000000e+00  1.598467e-01  1.781056e-02 
 1.598544e-01  1.000000e+00  1.598544e-01  2.523698e-02 
 1.598623e-01  1.000000e+00  1.598623e-01  3.010055e-02 
 1.598703e-01  1.000000e+00  1.598703e-01  3.182790e-02 
 1.598796e-01  1.000000e+00  1.598796e-01  2.964205e-02 
 1.598896e-01  1.000000e+00  1.598896e-01  2.274887e-02 
 1.598996e-01  1.000000e+00  1.598996e-01  1.234451e-02 
 1.599068e-01  1.000000e+00  1.599068e-01  3.611694e-03 
 1.599132e-01  1.000000e+00  1.599132e-01 -4.403363e-03 
 1.599198e-01  1.000000e+00  1.599198e-01 -1.214304e-02 
 1.599277e-01  1.000000e+00  1.599277e-01 -2.011328e-02 
 1.599374e-01  1.000000e+00  1.599374e-01 -2.674865e-02 
 1.599474e-01  1.000000e+00  1.599474e-01 -2.920461e-02 
 1.599574e-01  1.000000e+00  1.599574e-01 -2.690819e-02 
 1.599645e-01  1.000000e+00  1.599645e-01 -2.261811e-02 
 1.599706e-01  1.000000e+00  1.599706e-01 -1.746709e-02 
 1.599766e-01  1.000000e+00  1.599766e-01 -1.132409e-02 
 1.599827e-01  1.000000e+00  1.599827e-01 -4.531065e-03 
 1.599890e-01  1.000000e+00  1.599890e-01  2.660604e-03 
 1.599956e-01  1.000000e+00  1.599956e-01  9.891793e-03 
 1.600000e-01  1.000000e+00  1.600000e-01  1.426992e-02 
