 1.500000e-01  1.000000e+00  1.500000e-01  1.743924e-01 
 1.500010e-01  8.000000e-01  1.500010e-01  1.705752e-01 
 1.500030e-01  4.000000e-01  1.500030e-01  1.624378e-01 
 1.500070e-01 -4.000000e-01  1.500070e-01  1.431901e-01 
 1.500100e-01 -1.000000e+00  1.500100e-01  1.262060e-01 
 1.500104e-01 -1.000000e+00  1.500104e-01  1.238188e-01 
 1.500112e-01 -1.000000e+00  1.500112e-01  1.190338e-01 
 1.500128e-01 -1.000000e+00  1.500128e-01  1.094028e-01 
 1.500148e-01 -1.000000e+00  1.500148e-01  9.669760e-02 
 1.500179e-01 -1.000000e+00  1.500179e-01  7.784906e-02 
 1.500227e-01 -1.000000e+00  1.500227e-01  4.739858e-02 
 1.500302e-01 -1.000000e+00  1.500302e-01  1.113041e-04 
 1.500402e-01 -1.000000e+00  1.500402e-01 -6.196380e-02 
 1.500502e-01 -1.000000e+00  1.500502e-01 -1.211411e-01 
 1.500602e-01 -1.000000e+00  1.500602e-01 -1.754438e-01 
 1.500702e-01 -1.000000e+00  1.500702e-01 -2.230861e-01 
 1.500802e-01 -1.000000e+00  1.500802e-01 -2.625320e-01 
 1.500902e-01 -1.000000e+00  1.500902e-01 -2.925437e-01 
 1.501002e-01 -1.000000e+00  1.501002e-01 -3.122207e-01 
 1.501102e-01 -1.000000e+00  1.501102e-01 -3.210254e-01 
 1.501202e-01 -1.000000e+00  1.501202e-01 -3.187972e-01 
 1.501302e-01 -1.000000e+00  1.501302e-01 -3.057527e-01 
 1.501402e-01 -1.000000e+00  1.501402e-01 -2.824739e-01 
 1.501502e-01 -1.000000e+00  1.501502e-01 -2.498836e-01 
 1.501602e-01 -1.000000e+00  1.501602e-01 -2.092095e-01 
 1.501702e-01 -1.000000e+00  1.501702e-01 -1.619386e-01 
 1.501802e-01 -1.000000e+00  1.501802e-01 -1.097636e-01 
 1.501902e-01 -1.000000e+00  1.501902e-01 -5.452243e-02 
 1.502002e-01 -1.000000e+00  1.502002e-01  1.866124e-03 
 1.502102e-01 -1.000000e+00  1.502102e-01  5.746865e-02 
 1.502202e-01 -1.000000e+00  1.502202e-01  1.104030e-01 
 1.502302e-01 -1.000000e+00  1.502302e-01  1.589020e-01 
 1.502402e-01 -1.000000e+00  1.502402e-01  2.013717e-01 
 1.502502e-01 -1.000000e+00  1.502502e-01  2.364440e-01 
 1.502602e-01 -1.000000e+00  1.502602e-01  2.630196e-01 
 1.502702e-01 -1.000000e+00  1.502702e-01  2.803027e-01 
 1.502802e-01 -1.000000e+00  1.502802e-01  2.878236e-01 
 1.502902e-01 -1.000000e+00  1.502902e-01  2.854512e-01 
 1.503002e-01 -1.000000e+00  1.503002e-01  2.733923e-01 
 1.503102e-01 -1.000000e+00  1.503102e-01  2.521808e-01 
 1.503202e-01 -1.000000e+00  1.503202e-01  2.226555e-01 
 1.503302e-01 -1.000000e+00  1.503302e-01  1.859270e-01 
 1.503402e-01 -1.000000e+00  1.503402e-01  1.433370e-01 
 1.503502e-01 -1.000000e+00  1.503502e-01  9.640978e-02 
 1.503602e-01 -1.000000e+00  1.503602e-01  4.679749e-02 
 1.503702e-01 -1.000000e+00  1.503702e-01 -3.777280e-03 
 1.503802e-01 -1.000000e+00  1.503802e-01 -5.358116e-02 
 1.503902e-01 -1.000000e+00  1.503902e-01 -1.009291e-01 
 1.504002e-01 -1.000000e+00  1.504002e-01 -1.442413e-01 
 1.504102e-01 -1.000000e+00  1.504102e-01 -1.820953e-01 
 1.504202e-01 -1.000000e+00  1.504202e-01 -2.132727e-01 
 1.504302e-01 -1.000000e+00  1.504302e-01 -2.367978e-01 
 1.504402e-01 -1.000000e+00  1.504402e-01 -2.519678e-01 
 1.504502e-01 -1.000000e+00  1.504502e-01 -2.583732e-01 
 1.504602e-01 -1.000000e+00  1.504602e-01 -2.559081e-01 
 1.504702e-01 -1.000000e+00  1.504702e-01 -2.447695e-01 
 1.504802e-01 -1.000000e+00  1.504802e-01 -2.254472e-01 
 1.504902e-01 -1.000000e+00  1.504902e-01 -1.987032e-01 
 1.505002e-01 -1.000000e+00  1.505002e-01 -1.655421e-01 
 1.505100e-01 -1.000000e+00  1.505100e-01 -1.281510e-01 
 1.505110e-01 -8.000000e-01  1.505110e-01 -1.238593e-01 
 1.505130e-01 -4.000000e-01  1.505130e-01 -1.148069e-01 
 1.505170e-01  4.000000e-01  1.505170e-01 -9.393550e-02 
 1.505200e-01  1.000000e+00  1.505200e-01 -7.591727e-02 
 1.505204e-01  1.000000e+00  1.505204e-01 -7.340160e-02 
 1.505212e-01  1.000000e+00  1.505212e-01 -6.836512e-02 
 1.505228e-01  1.000000e+00  1.505228e-01 -5.826478e-02 
 1.505249e-01  1.000000e+00  1.505249e-01 -4.500393e-02 
 1.505279e-01  1.000000e+00  1.505279e-01 -2.551696e-02 
 1.505328e-01  1.000000e+00  1.505328e-01  5.642232e-03 
 1.505403e-01  1.000000e+00  1.505403e-01  5.311604e-02 
 1.505503e-01  1.000000e+00  1.505503e-01  1.137634e-01 
 1.505603e-01  1.000000e+00  1.505603e-01  1.697627e-01 
 1.505703e-01  1.000000e+00  1.505703e-01  2.192677e-01 
 1.505803e-01  1.000000e+00  1.505803e-01  2.606766e-01 
 1.505903e-01  1.000000e+00  1.505903e-01  2.926836e-01 
 1.506003e-01  1.000000e+00  1.506003e-01  3.143195e-01 
 1.506103e-01  1.000000e+00  1.506103e-01  3.249804e-01 
 1.506203e-01  1.000000e+00  1.506203e-01  3.244436e-01 
 1.506303e-01  1.000000e+00  1.506303e-01  3.128703e-01 
 1.506403e-01  1.000000e+00  1.506403e-01  2.907951e-01 
 1.506503e-01  1.000000e+00  1.506503e-01  2.591032e-01 
 1.506603e-01  1.000000e+00  1.506603e-01  2.189958e-01 
 1.506703e-01  1.000000e+00  1.506703e-01  1.719449e-01 
 1.506803e-01  1.000000e+00  1.506803e-01  1.196403e-01 
 1.506903e-01  1.000000e+00  1.506903e-01  6.392901e-02 
 1.507003e-01  1.000000e+00  1.507003e-01  6.750214e-03 
 1.507103e-01  1.000000e+00  1.507103e-01 -4.993143e-02 
 1.507203e-01  1.000000e+00  1.507203e-01 -1.041934e-01 
 1.507303e-01  1.000000e+00  1.507303e-01 -1.542200e-01 
 1.507403e-01  1.000000e+00  1.507403e-01 -1.983630e-01 
 1.507503e-01  1.000000e+00  1.507503e-01 -2.351952e-01 
 1.507603e-01  1.000000e+00  1.507603e-01 -2.635568e-01 
 1.507703e-01  1.000000e+00  1.507703e-01 -2.825907e-01 
 1.507803e-01  1.000000e+00  1.507803e-01 -2.917686e-01 
 1.507903e-01  1.000000e+00  1.507903e-01 -2.909040e-01 
 1.508003e-01  1.000000e+00  1.508003e-01 -2.801546e-01 
 1.508103e-01  1.000000e+00  1.508103e-01 -2.600123e-01 
 1.508203e-01  1.000000e+00  1.508203e-01 -2.312825e-01 
 1.508303e-01  1.000000e+00  1.508303e-01 -1.950523e-01 
 1.508403e-01  1.000000e+00  1.508403e-01 -1.526501e-01 
 1.508503e-01  1.000000e+00  1.508503e-01 -1.055975e-01 
 1.508603e-01  1.000000e+00  1.508603e-01 -5.555486e-02 
 1.508703e-01  1.000000e+00  1.508703e-01 -4.263184e-03 
 1.508803e-01  1.000000e+00  1.508803e-01  4.651624e-02 
 1.508903e-01  1.000000e+00  1.508903e-01  9.506198e-02 
 1.509003e-01  1.000000e+00  1.509003e-01  1.397506e-01 
 1.509103e-01  1.000000e+00  1.509103e-01  1.791105e-01 
 1.509203e-01  1.000000e+00  1.509203e-01  2.118703e-01 
 1.509303e-01  1.000000e+00  1.509303e-01  2.369995e-01 
 1.509403e-01  1.000000e+00  1.509403e-01  2.537402e-01 
 1.509503e-01  1.000000e+00  1.509503e-01  2.616298e-01 
 1.509603e-01  1.000000e+00  1.509603e-01  2.605129e-01 
 1.509703e-01  1.000000e+00  1.509703e-01  2.505423e-01 
 1.509803e-01  1.000000e+00  1.509803e-01  2.321703e-01 
 1.509903e-01  1.000000e+00  1.509903e-01  2.061292e-01 
 1.510000e-01  1.000000e+00  1.510000e-01  1.743924e-01 
 1.510010e-01  8.000000e-01  1.510010e-01  1.705752e-01 
 1.510030e-01  4.000000e-01  1.510030e-01  1.624378e-01 
 1.510070e-01 -4.000000e-01  1.510070e-01  1.431901e-01 
 1.510100e-01 -1.000000e+00  1.510100e-01  1.262060e-01 
 1.510104e-01 -1.000000e+00  1.510104e-01  1.238188e-01 
 1.510112e-01 -1.000000e+00  1.510112e-01  1.190338e-01 
 1.510128e-01 -1.000000e+00  1.510128e-01  1.094028e-01 
 1.510148e-01 -1.000000e+00  1.510148e-01  9.669760e-02 
 1.510179e-01 -1.000000e+00  1.510179e-01  7.784906e-02 
 1.510227e-01 -1.000000e+00  1.510227e-01  4.739858e-02 
 1.510302e-01 -1.000000e+00  1.510302e-01  1.113040e-04 
 1.510402e-01 -1.000000e+00  1.510402e-01 -6.196380e-02 
 1.510502e-01 -1.000000e+00  1.510502e-01 -1.211411e-01 
 1.510602e-01 -1.000000e+00  1.510602e-01 -1.754438e-01 
 1.510702e-01 -1.000000e+00  1.510702e-01 -2.230861e-01 
 1.510802e-01 -1.000000e+00  1.510802e-01 -2.625320e-01 
 1.510902e-01 -1.000000e+00  1.510902e-01 -2.925437e-01 
 1.511002e-01 -1.000000e+00  1.511002e-01 -3.122207e-01 
 1.511102e-01 -1.000000e+00  1.511102e-01 -3.210254e-01 
 1.511202e-01 -1.000000e+00  1.511202e-01 -3.187972e-01 
 1.511302e-01 -1.000000e+00  1.511302e-01 -3.057527e-01 
 1.511402e-01 -1.000000e+00  1.511402e-01 -2.824739e-01 
 1.511502e-01 -1.000000e+00  1.511502e-01 -2.498836e-01 
 1.511602e-01 -1.000000e+00  1.511602e-01 -2.092095e-01 
 1.511702e-01 -1.000000e+00  1.511702e-01 -1.619386e-01 
 1.511802e-01 -1.000000e+00  1.511802e-01 -1.097636e-01 
 1.511902e-01 -1.000000e+00  1.511902e-01 -5.452243e-02 
 1.512002e-01 -1.000000e+00  1.512002e-01  1.866124e-03 
 1.512102e-01 -1.000000e+00  1.512102e-01  5.746865e-02 
 1.512202e-01 -1.000000e+00  1.512202e-01  1.104030e-01 
 1.512302e-01 -1.000000e+00  1.512302e-01  1.589020e-01 
 1.512402e-01 -1.000000e+00  1.512402e-01  2.013717e-01 
 1.512502e-01 -1.000000e+00  1.512502e-01  2.364440e-01 
 1.512602e-01 -1.000000e+00  1.512602e-01  2.630196e-01 
 1.512702e-01 -1.000000e+00  1.512702e-01  2.803027e-01 
 1.512802e-01 -1.000000e+00  1.512802e-01  2.878236e-01 
 1.512902e-01 -1.000000e+00  1.512902e-01  2.854512e-01 
 1.513002e-01 -1.000000e+00  1.513002e-01  2.733923e-01 
 1.513102e-01 -1.000000e+00  1.513102e-01  2.521808e-01 
 1.513202e-01 -1.000000e+00  1.513202e-01  2.226555e-01 
 1.513302e-01 -1.000000e+00  1.513302e-01  1.859270e-01 
 1.513402e-01 -1.000000e+00  1.513402e-01  1.433370e-01 
 1.513502e-01 -1.000000e+00  1.513502e-01  9.640978e-02 
 1.513602e-01 -1.000000e+00  1.513602e-01  4.679749e-02 
 1.513702e-01 -1.000000e+00  1.513702e-01 -3.777280e-03 
 1.513802e-01 -1.000000e+00  1.513802e-01 -5.358116e-02 
 1.513902e-01 -1.000000e+00  1.513902e-01 -1.009291e-01 
 1.514002e-01 -1.000000e+00  1.514002e-01 -1.442413e-01 
 1.514102e-01 -1.000000e+00  1.514102e-01 -1.820953e-01 
 1.514202e-01 -1.000000e+00  1.514202e-01 -2.132727e-01 
 1.514302e-01 -1.000000e+00  1.514302e-01 -2.367978e-01 
 1.514402e-01 -1.000000e+00  1.514402e-01 -2.519678e-01 
 1.514502e-01 -1.000000e+00  1.514502e-01 -2.583732e-01 
 1.514602e-01 -1.000000e+00  1.514602e-01 -2.559081e-01 
 1.514702e-01 -1.000000e+00  1.514702e-01 -2.447695e-01 
 1.514802e-01 -1.000000e+00  1.514802e-01 -2.254472e-01 
 1.514902e-01 -1.000000e+00  1.514902e-01 -1.987032e-01 
 1.515002e-01 -1.000000e+00  1.515002e-01 -1.655421e-01 
 1.515100e-01 -1.000000e+00  1.515100e-01 -1.281510e-01 
 1.515110e-01 -8.000000e-01  1.515110e-01 -1.238593e-01 
 1.515130e-01 -4.000000e-01  1.515130e-01 -1.148069e-01 
 1.515170e-01  4.000000e-01  1.515170e-01 -9.393550e-02 
 1.515200e-01  1.000000e+00  1.515200e-01 -7.591727e-02 
 1.515204e-01  1.000000e+00  1.515204e-01 -7.340160e-02 
 1.515212e-01  1.000000e+00  1.515212e-01 -6.836512e-02 
 1.515228e-01  1.000000e+00  1.515228e-01 -5.826478e-02 
 1.515249e-01  1.000000e+00  1.515249e-01 -4.500393e-02 
 1.515279e-01  1.000000e+00  1.515279e-01 -2.551696e-02 
 1.515328e-01  1.000000e+00  1.515328e-01  5.642232e-03 
 1.515403e-01  1.000000e+00  1.515403e-01  5.311604e-02 
 1.515503e-01  1.000000e+00  1.515503e-01  1.137634e-01 
 1.515603e-01  1.000000e+00  1.515603e-01  1.697627e-01 
 1.515703e-01  1.000000e+00  1.515703e-01  2.192677e-01 
 1.515803e-01  1.000000e+00  1.515803e-01  2.606766e-01 
 1.515903e-01  1.000000e+00  1.515903e-01  2.926836e-01 
 1.516003e-01  1.000000e+00  1.516003e-01  3.143195e-01 
 1.516103e-01  1.000000e+00  1.516103e-01  3.249804e-01 
 1.516203e-01  1.000000e+00  1.516203e-01  3.244436e-01 
 1.516303e-01  1.000000e+00  1.516303e-01  3.128703e-01 
 1.516403e-01  1.000000e+00  1.516403e-01  2.907951e-01 
 1.516503e-01  1.000000e+00  1.516503e-01  2.591032e-01 
 1.516603e-01  1.000000e+00  1.516603e-01  2.189958e-01 
 1.516703e-01  1.000000e+00  1.516703e-01  1.719449e-01 
 1.516803e-01  1.000000e+00  1.516803e-01  1.196403e-01 
 1.516903e-01  1.000000e+00  1.516903e-01  6.392901e-02 
 1.517003e-01  1.000000e+00  1.517003e-01  6.750214e-03 
 1.517103e-01  1.000000e+00  1.517103e-01 -4.993143e-02 
 1.517203e-01  1.000000e+00  1.517203e-01 -1.041934e-01 
 1.517303e-01  1.000000e+00  1.517303e-01 -1.542200e-01 
 1.517403e-01  1.000000e+00  1.517403e-01 -1.983630e-01 
 1.517503e-01  1.000000e+00  1.517503e-01 -2.351952e-01 
 1.517603e-01  1.000000e+00  1.517603e-01 -2.635568e-01 
 1.517703e-01  1.000000e+00  1.517703e-01 -2.825907e-01 
 1.517803e-01  1.000000e+00  1.517803e-01 -2.917686e-01 
 1.517903e-01  1.000000e+00  1.517903e-01 -2.909040e-01 
 1.518003e-01  1.000000e+00  1.518003e-01 -2.801546e-01 
 1.518103e-01  1.000000e+00  1.518103e-01 -2.600123e-01 
 1.518203e-01  1.000000e+00  1.518203e-01 -2.312825e-01 
 1.518303e-01  1.000000e+00  1.518303e-01 -1.950523e-01 
 1.518403e-01  1.000000e+00  1.518403e-01 -1.526501e-01 
 1.518503e-01  1.000000e+00  1.518503e-01 -1.055975e-01 
 1.518603e-01  1.000000e+00  1.518603e-01 -5.555486e-02 
 1.518703e-01  1.000000e+00  1.518703e-01 -4.263183e-03 
 1.518803e-01  1.000000e+00  1.518803e-01  4.651624e-02 
 1.518903e-01  1.000000e+00  1.518903e-01  9.506198e-02 
 1.519003e-01  1.000000e+00  1.519003e-01  1.397506e-01 
 1.519103e-01  1.000000e+00  1.519103e-01  1.791105e-01 
 1.519203e-01  1.000000e+00  1.519203e-01  2.118703e-01 
 1.519303e-01  1.000000e+00  1.519303e-01  2.369995e-01 
 1.519403e-01  1.000000e+00  1.519403e-01  2.537402e-01 
 1.519503e-01  1.000000e+00  1.519503e-01  2.616298e-01 
 1.519603e-01  1.000000e+00  1.519603e-01  2.605129e-01 
 1.519703e-01  1.000000e+00  1.519703e-01  2.505423e-01 
 1.519803e-01  1.000000e+00  1.519803e-01  2.321703e-01 
 1.519903e-01  1.000000e+00  1.519903e-01  2.061292e-01 
 1.520000e-01  1.000000e+00  1.520000e-01  1.743924e-01 
 1.520010e-01  8.000000e-01  1.520010e-01  1.705752e-01 
 1.520030e-01  4.000000e-01  1.520030e-01  1.624378e-01 
 1.520070e-01 -4.000000e-01  1.520070e-01  1.431901e-01 
 1.520100e-01 -1.000000e+00  1.520100e-01  1.262060e-01 
 1.520104e-01 -1.000000e+00  1.520104e-01  1.238188e-01 
 1.520112e-01 -1.000000e+00  1.520112e-01  1.190338e-01 
 1.520128e-01 -1.000000e+00  1.520128e-01  1.094028e-01 
 1.520148e-01 -1.000000e+00  1.520148e-01  9.669760e-02 
 1.520179e-01 -1.000000e+00  1.520179e-01  7.784906e-02 
 1.520227e-01 -1.000000e+00  1.520227e-01  4.739858e-02 
 1.520302e-01 -1.000000e+00  1.520302e-01  1.113043e-04 
 1.520402e-01 -1.000000e+00  1.520402e-01 -6.196380e-02 
 1.520502e-01 -1.000000e+00  1.520502e-01 -1.211411e-01 
 1.520602e-01 -1.000000e+00  1.520602e-01 -1.754438e-01 
 1.520702e-01 -1.000000e+00  1.520702e-01 -2.230861e-01 
 1.520802e-01 -1.000000e+00  1.520802e-01 -2.625320e-01 
 1.520902e-01 -1.000000e+00  1.520902e-01 -2.925437e-01 
 1.521002e-01 -1.000000e+00  1.521002e-01 -3.122207e-01 
 1.521102e-01 -1.000000e+00  1.521102e-01 -3.210254e-01 
 1.521202e-01 -1.000000e+00  1.521202e-01 -3.187972e-01 
 1.521302e-01 -1.000000e+00  1.521302e-01 -3.057527e-01 
 1.521402e-01 -1.000000e+00  1.521402e-01 -2.824739e-01 
 1.521502e-01 -1.000000e+00  1.521502e-01 -2.498836e-01 
 1.521602e-01 -1.000000e+00  1.521602e-01 -2.092095e-01 
 1.521702e-01 -1.000000e+00  1.521702e-01 -1.619386e-01 
 1.521802e-01 -1.000000e+00  1.521802e-01 -1.097636e-01 
 1.521902e-01 -1.000000e+00  1.521902e-01 -5.452243e-02 
 1.522002e-01 -1.000000e+00  1.522002e-01  1.866124e-03 
 1.522102e-01 -1.000000e+00  1.522102e-01  5.746865e-02 
 1.522202e-01 -1.000000e+00  1.522202e-01  1.104030e-01 
 1.522302e-01 -1.000000e+00  1.522302e-01  1.589020e-01 
 1.522402e-01 -1.000000e+00  1.522402e-01  2.013717e-01 
 1.522502e-01 -1.000000e+00  1.522502e-01  2.364440e-01 
 1.522602e-01 -1.000000e+00  1.522602e-01  2.630196e-01 
 1.522702e-01 -1.000000e+00  1.522702e-01  2.803027e-01 
 1.522802e-01 -1.000000e+00  1.522802e-01  2.878236e-01 
 1.522902e-01 -1.000000e+00  1.522902e-01  2.854512e-01 
 1.523002e-01 -1.000000e+00  1.523002e-01  2.733923e-01 
 1.523102e-01 -1.000000e+00  1.523102e-01  2.521808e-01 
 1.523202e-01 -1.000000e+00  1.523202e-01  2.226555e-01 
 1.523302e-01 -1.000000e+00  1.523302e-01  1.859270e-01 
 1.523402e-01 -1.000000e+00  1.523402e-01  1.433370e-01 
 1.523502e-01 -1.000000e+00  1.523502e-01  9.640979e-02 
 1.523602e-01 -1.000000e+00  1.523602e-01  4.679749e-02 
 1.523702e-01 -1.000000e+00  1.523702e-01 -3.777280e-03 
 1.523802e-01 -1.000000e+00  1.523802e-01 -5.358116e-02 
 1.523902e-01 -1.000000e+00  1.523902e-01 -1.009291e-01 
 1.524002e-01 -1.000000e+00  1.524002e-01 -1.442413e-01 
 1.524102e-01 -1.000000e+00  1.524102e-01 -1.820953e-01 
 1.524202e-01 -1.000000e+00  1.524202e-01 -2.132727e-01 
 1.524302e-01 -1.000000e+00  1.524302e-01 -2.367978e-01 
 1.524402e-01 -1.000000e+00  1.524402e-01 -2.519678e-01 
 1.524502e-01 -1.000000e+00  1.524502e-01 -2.583732e-01 
 1.524602e-01 -1.000000e+00  1.524602e-01 -2.559081e-01 
 1.524702e-01 -1.000000e+00  1.524702e-01 -2.447695e-01 
 1.524802e-01 -1.000000e+00  1.524802e-01 -2.254472e-01 
 1.524902e-01 -1.000000e+00  1.524902e-01 -1.987032e-01 
 1.525002e-01 -1.000000e+00  1.525002e-01 -1.655421e-01 
 1.525100e-01 -1.000000e+00  1.525100e-01 -1.281510e-01 
 1.525110e-01 -8.000000e-01  1.525110e-01 -1.238593e-01 
 1.525130e-01 -4.000000e-01  1.525130e-01 -1.148069e-01 
 1.525170e-01  4.000000e-01  1.525170e-01 -9.393550e-02 
 1.525200e-01  1.000000e+00  1.525200e-01 -7.591727e-02 
 1.525204e-01  1.000000e+00  1.525204e-01 -7.340160e-02 
 1.525212e-01  1.000000e+00  1.525212e-01 -6.836512e-02 
 1.525228e-01  1.000000e+00  1.525228e-01 -5.826478e-02 
 1.525249e-01  1.000000e+00  1.525249e-01 -4.500393e-02 
 1.525279e-01  1.000000e+00  1.525279e-01 -2.551696e-02 
 1.525328e-01  1.000000e+00  1.525328e-01  5.642232e-03 
 1.525403e-01  1.000000e+00  1.525403e-01  5.311604e-02 
 1.525503e-01  1.000000e+00  1.525503e-01  1.137634e-01 
 1.525603e-01  1.000000e+00  1.525603e-01  1.697627e-01 
 1.525703e-01  1.000000e+00  1.525703e-01  2.192677e-01 
 1.525803e-01  1.000000e+00  1.525803e-01  2.606766e-01 
 1.525903e-01  1.000000e+00  1.525903e-01  2.926836e-01 
 1.526003e-01  1.000000e+00  1.526003e-01  3.143195e-01 
 1.526103e-01  1.000000e+00  1.526103e-01  3.249804e-01 
 1.526203e-01  1.000000e+00  1.526203e-01  3.244436e-01 
 1.526303e-01  1.000000e+00  1.526303e-01  3.128703e-01 
 1.526403e-01  1.000000e+00  1.526403e-01  2.907951e-01 
 1.526503e-01  1.000000e+00  1.526503e-01  2.591032e-01 
 1.526603e-01  1.000000e+00  1.526603e-01  2.189958e-01 
 1.526703e-01  1.000000e+00  1.526703e-01  1.719449e-01 
 1.526803e-01  1.000000e+00  1.526803e-01  1.196403e-01 
 1.526903e-01  1.000000e+00  1.526903e-01  6.392901e-02 
 1.527003e-01  1.000000e+00  1.527003e-01  6.750214e-03 
 1.527103e-01  1.000000e+00  1.527103e-01 -4.993143e-02 
 1.527203e-01  1.000000e+00  1.527203e-01 -1.041934e-01 
 1.527303e-01  1.000000e+00  1.527303e-01 -1.542200e-01 
 1.527403e-01  1.000000e+00  1.527403e-01 -1.983630e-01 
 1.527503e-01  1.000000e+00  1.527503e-01 -2.351952e-01 
 1.527603e-01  1.000000e+00  1.527603e-01 -2.635568e-01 
 1.527703e-01  1.000000e+00  1.527703e-01 -2.825907e-01 
 1.527803e-01  1.000000e+00  1.527803e-01 -2.917686e-01 
 1.527903e-01  1.000000e+00  1.527903e-01 -2.909040e-01 
 1.528003e-01  1.000000e+00  1.528003e-01 -2.801546e-01 
 1.528103e-01  1.000000e+00  1.528103e-01 -2.600123e-01 
 1.528203e-01  1.000000e+00  1.528203e-01 -2.312825e-01 
 1.528303e-01  1.000000e+00  1.528303e-01 -1.950523e-01 
 1.528403e-01  1.000000e+00  1.528403e-01 -1.526501e-01 
 1.528503e-01  1.000000e+00  1.528503e-01 -1.055975e-01 
 1.528603e-01  1.000000e+00  1.528603e-01 -5.555486e-02 
 1.528703e-01  1.000000e+00  1.528703e-01 -4.263184e-03 
 1.528803e-01  1.000000e+00  1.528803e-01  4.651624e-02 
 1.528903e-01  1.000000e+00  1.528903e-01  9.506198e-02 
 1.529003e-01  1.000000e+00  1.529003e-01  1.397506e-01 
 1.529103e-01  1.000000e+00  1.529103e-01  1.791105e-01 
 1.529203e-01  1.000000e+00  1.529203e-01  2.118703e-01 
 1.529303e-01  1.000000e+00  1.529303e-01  2.369995e-01 
 1.529403e-01  1.000000e+00  1.529403e-01  2.537402e-01 
 1.529503e-01  1.000000e+00  1.529503e-01  2.616298e-01 
 1.529603e-01  1.000000e+00  1.529603e-01  2.605129e-01 
 1.529703e-01  1.000000e+00  1.529703e-01  2.505423e-01 
 1.529803e-01  1.000000e+00  1.529803e-01  2.321703e-01 
 1.529903e-01  1.000000e+00  1.529903e-01  2.061292e-01 
 1.530000e-01  1.000000e+00  1.530000e-01  1.743924e-01 
 1.530010e-01  8.000000e-01  1.530010e-01  1.705752e-01 
 1.530030e-01  4.000000e-01  1.530030e-01  1.624378e-01 
 1.530070e-01 -4.000000e-01  1.530070e-01  1.431901e-01 
 1.530100e-01 -1.000000e+00  1.530100e-01  1.262060e-01 
 1.530104e-01 -1.000000e+00  1.530104e-01  1.238188e-01 
 1.530112e-01 -1.000000e+00  1.530112e-01  1.190338e-01 
 1.530128e-01 -1.000000e+00  1.530128e-01  1.094028e-01 
 1.530148e-01 -1.000000e+00  1.530148e-01  9.669760e-02 
 1.530179e-01 -1.000000e+00  1.530179e-01  7.784906e-02 
 1.530227e-01 -1.000000e+00  1.530227e-01  4.739858e-02 
 1.530302e-01 -1.000000e+00  1.530302e-01  1.113039e-04 
 1.530402e-01 -1.000000e+00  1.530402e-01 -6.196380e-02 
 1.530502e-01 -1.000000e+00  1.530502e-01 -1.211411e-01 
 1.530602e-01 -1.000000e+00  1.530602e-01 -1.754438e-01 
 1.530702e-01 -1.000000e+00  1.530702e-01 -2.230861e-01 
 1.530802e-01 -1.000000e+00  1.530802e-01 -2.625320e-01 
 1.530902e-01 -1.000000e+00  1.530902e-01 -2.925437e-01 
 1.531002e-01 -1.000000e+00  1.531002e-01 -3.122207e-01 
 1.531102e-01 -1.000000e+00  1.531102e-01 -3.210254e-01 
 1.531202e-01 -1.000000e+00  1.531202e-01 -3.187972e-01 
 1.531302e-01 -1.000000e+00  1.531302e-01 -3.057527e-01 
 1.531402e-01 -1.000000e+00  1.531402e-01 -2.824739e-01 
 1.531502e-01 -1.000000e+00  1.531502e-01 -2.498836e-01 
 1.531602e-01 -1.000000e+00  1.531602e-01 -2.092095e-01 
 1.531702e-01 -1.000000e+00  1.531702e-01 -1.619386e-01 
 1.531802e-01 -1.000000e+00  1.531802e-01 -1.097636e-01 
 1.531902e-01 -1.000000e+00  1.531902e-01 -5.452243e-02 
 1.532002e-01 -1.000000e+00  1.532002e-01  1.866124e-03 
 1.532102e-01 -1.000000e+00  1.532102e-01  5.746865e-02 
 1.532202e-01 -1.000000e+00  1.532202e-01  1.104030e-01 
 1.532302e-01 -1.000000e+00  1.532302e-01  1.589020e-01 
 1.532402e-01 -1.000000e+00  1.532402e-01  2.013717e-01 
 1.532502e-01 -1.000000e+00  1.532502e-01  2.364440e-01 
 1.532602e-01 -1.000000e+00  1.532602e-01  2.630196e-01 
 1.532702e-01 -1.000000e+00  1.532702e-01  2.803027e-01 
 1.532802e-01 -1.000000e+00  1.532802e-01  2.878236e-01 
 1.532902e-01 -1.000000e+00  1.532902e-01  2.854512e-01 
 1.533002e-01 -1.000000e+00  1.533002e-01  2.733923e-01 
 1.533102e-01 -1.000000e+00  1.533102e-01  2.521808e-01 
 1.533202e-01 -1.000000e+00  1.533202e-01  2.226555e-01 
 1.533302e-01 -1.000000e+00  1.533302e-01  1.859270e-01 
 1.533402e-01 -1.000000e+00  1.533402e-01  1.433370e-01 
 1.533502e-01 -1.000000e+00  1.533502e-01  9.640978e-02 
 1.533602e-01 -1.000000e+00  1.533602e-01  4.679749e-02 
 1.533702e-01 -1.000000e+00  1.533702e-01 -3.777280e-03 
 1.533802e-01 -1.000000e+00  1.533802e-01 -5.358116e-02 
 1.533902e-01 -1.000000e+00  1.533902e-01 -1.009291e-01 
 1.534002e-01 -1.000000e+00  1.534002e-01 -1.442413e-01 
 1.534102e-01 -1.000000e+00  1.534102e-01 -1.820953e-01 
 1.534202e-01 -1.000000e+00  1.534202e-01 -2.132727e-01 
 1.534302e-01 -1.000000e+00  1.534302e-01 -2.367978e-01 
 1.534402e-01 -1.000000e+00  1.534402e-01 -2.519678e-01 
 1.534502e-01 -1.000000e+00  1.534502e-01 -2.583732e-01 
 1.534602e-01 -1.000000e+00  1.534602e-01 -2.559081e-01 
 1.534702e-01 -1.000000e+00  1.534702e-01 -2.447695e-01 
 1.534802e-01 -1.000000e+00  1.534802e-01 -2.254472e-01 
 1.534902e-01 -1.000000e+00  1.534902e-01 -1.987032e-01 
 1.535002e-01 -1.000000e+00  1.535002e-01 -1.655421e-01 
 1.535100e-01 -1.000000e+00  1.535100e-01 -1.281510e-01 
 1.535110e-01 -8.000000e-01  1.535110e-01 -1.238593e-01 
 1.535130e-01 -4.000000e-01  1.535130e-01 -1.148069e-01 
 1.535170e-01  4.000000e-01  1.535170e-01 -9.393550e-02 
 1.535200e-01  1.000000e+00  1.535200e-01 -7.591727e-02 
 1.535204e-01  1.000000e+00  1.535204e-01 -7.340160e-02 
 1.535212e-01  1.000000e+00  1.535212e-01 -6.836512e-02 
 1.535228e-01  1.000000e+00  1.535228e-01 -5.826478e-02 
 1.535249e-01  1.000000e+00  1.535249e-01 -4.500393e-02 
 1.535279e-01  1.000000e+00  1.535279e-01 -2.551696e-02 
 1.535328e-01  1.000000e+00  1.535328e-01  5.642232e-03 
 1.535403e-01  1.000000e+00  1.535403e-01  5.311604e-02 
 1.535503e-01  1.000000e+00  1.535503e-01  1.137634e-01 
 1.535603e-01  1.000000e+00  1.535603e-01  1.697627e-01 
 1.535703e-01  1.000000e+00  1.535703e-01  2.192677e-01 
 1.535803e-01  1.000000e+00  1.535803e-01  2.606766e-01 
 1.535903e-01  1.000000e+00  1.535903e-01  2.926836e-01 
 1.536003e-01  1.000000e+00  1.536003e-01  3.143195e-01 
 1.536103e-01  1.000000e+00  1.536103e-01  3.249804e-01 
 1.536203e-01  1.000000e+00  1.536203e-01  3.244436e-01 
 1.536303e-01  1.000000e+00  1.536303e-01  3.128703e-01 
 1.536403e-01  1.000000e+00  1.536403e-01  2.907951e-01 
 1.536503e-01  1.000000e+00  1.536503e-01  2.591032e-01 
 1.536603e-01  1.000000e+00  1.536603e-01  2.189958e-01 
 1.536703e-01  1.000000e+00  1.536703e-01  1.719449e-01 
 1.536803e-01  1.000000e+00  1.536803e-01  1.196403e-01 
 1.536903e-01  1.000000e+00  1.536903e-01  6.392901e-02 
 1.537003e-01  1.000000e+00  1.537003e-01  6.750214e-03 
 1.537103e-01  1.000000e+00  1.537103e-01 -4.993143e-02 
 1.537203e-01  1.000000e+00  1.537203e-01 -1.041934e-01 
 1.537303e-01  1.000000e+00  1.537303e-01 -1.542200e-01 
 1.537403e-01  1.000000e+00  1.537403e-01 -1.983630e-01 
 1.537503e-01  1.000000e+00  1.537503e-01 -2.351952e-01 
 1.537603e-01  1.000000e+00  1.537603e-01 -2.635568e-01 
 1.537703e-01  1.000000e+00  1.537703e-01 -2.825907e-01 
 1.537803e-01  1.000000e+00  1.537803e-01 -2.917686e-01 
 1.537903e-01  1.000000e+00  1.537903e-01 -2.909040e-01 
 1.538003e-01  1.000000e+00  1.538003e-01 -2.801546e-01 
 1.538103e-01  1.000000e+00  1.538103e-01 -2.600123e-01 
 1.538203e-01  1.000000e+00  1.538203e-01 -2.312825e-01 
 1.538303e-01  1.000000e+00  1.538303e-01 -1.950523e-01 
 1.538403e-01  1.000000e+00  1.538403e-01 -1.526501e-01 
 1.538503e-01  1.000000e+00  1.538503e-01 -1.055975e-01 
 1.538603e-01  1.000000e+00  1.538603e-01 -5.555486e-02 
 1.538703e-01  1.000000e+00  1.538703e-01 -4.263184e-03 
 1.538803e-01  1.000000e+00  1.538803e-01  4.651624e-02 
 1.538903e-01  1.000000e+00  1.538903e-01  9.506198e-02 
 1.539003e-01  1.000000e+00  1.539003e-01  1.397506e-01 
 1.539103e-01  1.000000e+00  1.539103e-01  1.791105e-01 
 1.539203e-01  1.000000e+00  1.539203e-01  2.118703e-01 
 1.539303e-01  1.000000e+00  1.539303e-01  2.369995e-01 
 1.539403e-01  1.000000e+00  1.539403e-01  2.537402e-01 
 1.539503e-01  1.000000e+00  1.539503e-01  2.616298e-01 
 1.539603e-01  1.000000e+00  1.539603e-01  2.605129e-01 
 1.539703e-01  1.000000e+00  1.539703e-01  2.505423e-01 
 1.539803e-01  1.000000e+00  1.539803e-01  2.321703e-01 
 1.539903e-01  1.000000e+00  1.539903e-01  2.061292e-01 
 1.540000e-01  1.000000e+00  1.540000e-01  1.743924e-01 
 1.540010e-01  8.000000e-01  1.540010e-01  1.705752e-01 
 1.540030e-01  4.000000e-01  1.540030e-01  1.624378e-01 
 1.540070e-01 -4.000000e-01  1.540070e-01  1.431901e-01 
 1.540100e-01 -1.000000e+00  1.540100e-01  1.262060e-01 
 1.540104e-01 -1.000000e+00  1.540104e-01  1.238188e-01 
 1.540112e-01 -1.000000e+00  1.540112e-01  1.190338e-01 
 1.540128e-01 -1.000000e+00  1.540128e-01  1.094028e-01 
 1.540148e-01 -1.000000e+00  1.540148e-01  9.669760e-02 
 1.540179e-01 -1.000000e+00  1.540179e-01  7.784906e-02 
 1.540227e-01 -1.000000e+00  1.540227e-01  4.739858e-02 
 1.540302e-01 -1.000000e+00  1.540302e-01  1.113044e-04 
 1.540402e-01 -1.000000e+00  1.540402e-01 -6.196380e-02 
 1.540502e-01 -1.000000e+00  1.540502e-01 -1.211411e-01 
 1.540602e-01 -1.000000e+00  1.540602e-01 -1.754438e-01 
 1.540702e-01 -1.000000e+00  1.540702e-01 -2.230861e-01 
 1.540802e-01 -1.000000e+00  1.540802e-01 -2.625320e-01 
 1.540902e-01 -1.000000e+00  1.540902e-01 -2.925437e-01 
 1.541002e-01 -1.000000e+00  1.541002e-01 -3.122207e-01 
 1.541102e-01 -1.000000e+00  1.541102e-01 -3.210254e-01 
 1.541202e-01 -1.000000e+00  1.541202e-01 -3.187972e-01 
 1.541302e-01 -1.000000e+00  1.541302e-01 -3.057527e-01 
 1.541402e-01 -1.000000e+00  1.541402e-01 -2.824739e-01 
 1.541502e-01 -1.000000e+00  1.541502e-01 -2.498836e-01 
 1.541602e-01 -1.000000e+00  1.541602e-01 -2.092095e-01 
 1.541702e-01 -1.000000e+00  1.541702e-01 -1.619386e-01 
 1.541802e-01 -1.000000e+00  1.541802e-01 -1.097636e-01 
 1.541902e-01 -1.000000e+00  1.541902e-01 -5.452243e-02 
 1.542002e-01 -1.000000e+00  1.542002e-01  1.866124e-03 
 1.542102e-01 -1.000000e+00  1.542102e-01  5.746865e-02 
 1.542202e-01 -1.000000e+00  1.542202e-01  1.104030e-01 
 1.542302e-01 -1.000000e+00  1.542302e-01  1.589020e-01 
 1.542402e-01 -1.000000e+00  1.542402e-01  2.013717e-01 
 1.542502e-01 -1.000000e+00  1.542502e-01  2.364440e-01 
 1.542602e-01 -1.000000e+00  1.542602e-01  2.630196e-01 
 1.542702e-01 -1.000000e+00  1.542702e-01  2.803027e-01 
 1.542802e-01 -1.000000e+00  1.542802e-01  2.878236e-01 
 1.542902e-01 -1.000000e+00  1.542902e-01  2.854512e-01 
 1.543002e-01 -1.000000e+00  1.543002e-01  2.733923e-01 
 1.543102e-01 -1.000000e+00  1.543102e-01  2.521808e-01 
 1.543202e-01 -1.000000e+00  1.543202e-01  2.226555e-01 
 1.543302e-01 -1.000000e+00  1.543302e-01  1.859270e-01 
 1.543402e-01 -1.000000e+00  1.543402e-01  1.433370e-01 
 1.543502e-01 -1.000000e+00  1.543502e-01  9.640979e-02 
 1.543602e-01 -1.000000e+00  1.543602e-01  4.679749e-02 
 1.543702e-01 -1.000000e+00  1.543702e-01 -3.777279e-03 
 1.543802e-01 -1.000000e+00  1.543802e-01 -5.358116e-02 
 1.543902e-01 -1.000000e+00  1.543902e-01 -1.009291e-01 
 1.544002e-01 -1.000000e+00  1.544002e-01 -1.442413e-01 
 1.544102e-01 -1.000000e+00  1.544102e-01 -1.820953e-01 
 1.544202e-01 -1.000000e+00  1.544202e-01 -2.132727e-01 
 1.544302e-01 -1.000000e+00  1.544302e-01 -2.367978e-01 
 1.544402e-01 -1.000000e+00  1.544402e-01 -2.519678e-01 
 1.544502e-01 -1.000000e+00  1.544502e-01 -2.583732e-01 
 1.544602e-01 -1.000000e+00  1.544602e-01 -2.559081e-01 
 1.544702e-01 -1.000000e+00  1.544702e-01 -2.447695e-01 
 1.544802e-01 -1.000000e+00  1.544802e-01 -2.254472e-01 
 1.544902e-01 -1.000000e+00  1.544902e-01 -1.987032e-01 
 1.545002e-01 -1.000000e+00  1.545002e-01 -1.655421e-01 
 1.545100e-01 -1.000000e+00  1.545100e-01 -1.281510e-01 
 1.545110e-01 -8.000000e-01  1.545110e-01 -1.238593e-01 
 1.545130e-01 -4.000000e-01  1.545130e-01 -1.148069e-01 
 1.545170e-01  4.000000e-01  1.545170e-01 -9.393550e-02 
 1.545200e-01  1.000000e+00  1.545200e-01 -7.591727e-02 
 1.545204e-01  1.000000e+00  1.545204e-01 -7.340160e-02 
 1.545212e-01  1.000000e+00  1.545212e-01 -6.836512e-02 
 1.545228e-01  1.000000e+00  1.545228e-01 -5.826478e-02 
 1.545249e-01  1.000000e+00  1.545249e-01 -4.500393e-02 
 1.545279e-01  1.000000e+00  1.545279e-01 -2.551696e-02 
 1.545328e-01  1.000000e+00  1.545328e-01  5.642232e-03 
 1.545403e-01  1.000000e+00  1.545403e-01  5.311604e-02 
 1.545503e-01  1.000000e+00  1.545503e-01  1.137634e-01 
 1.545603e-01  1.000000e+00  1.545603e-01  1.697627e-01 
 1.545703e-01  1.000000e+00  1.545703e-01  2.192677e-01 
 1.545803e-01  1.000000e+00  1.545803e-01  2.606766e-01 
 1.545903e-01  1.000000e+00  1.545903e-01  2.926836e-01 
 1.546003e-01  1.000000e+00  1.546003e-01  3.143195e-01 
 1.546103e-01  1.000000e+00  1.546103e-01  3.249804e-01 
 1.546203e-01  1.000000e+00  1.546203e-01  3.244436e-01 
 1.546303e-01  1.000000e+00  1.546303e-01  3.128703e-01 
 1.546403e-01  1.000000e+00  1.546403e-01  2.907951e-01 
 1.546503e-01  1.000000e+00  1.546503e-01  2.591032e-01 
 1.546603e-01  1.000000e+00  1.546603e-01  2.189958e-01 
 1.546703e-01  1.000000e+00  1.546703e-01  1.719449e-01 
 1.546803e-01  1.000000e+00  1.546803e-01  1.196403e-01 
 1.546903e-01  1.000000e+00  1.546903e-01  6.392901e-02 
 1.547003e-01  1.000000e+00  1.547003e-01  6.750214e-03 
 1.547103e-01  1.000000e+00  1.547103e-01 -4.993143e-02 
 1.547203e-01  1.000000e+00  1.547203e-01 -1.041934e-01 
 1.547303e-01  1.000000e+00  1.547303e-01 -1.542200e-01 
 1.547403e-01  1.000000e+00  1.547403e-01 -1.983630e-01 
 1.547503e-01  1.000000e+00  1.547503e-01 -2.351952e-01 
 1.547603e-01  1.000000e+00  1.547603e-01 -2.635568e-01 
 1.547703e-01  1.000000e+00  1.547703e-01 -2.825907e-01 
 1.547803e-01  1.000000e+00  1.547803e-01 -2.917686e-01 
 1.547903e-01  1.000000e+00  1.547903e-01 -2.909040e-01 
 1.548003e-01  1.000000e+00  1.548003e-01 -2.801546e-01 
 1.548103e-01  1.000000e+00  1.548103e-01 -2.600123e-01 
 1.548203e-01  1.000000e+00  1.548203e-01 -2.312825e-01 
 1.548303e-01  1.000000e+00  1.548303e-01 -1.950523e-01 
 1.548403e-01  1.000000e+00  1.548403e-01 -1.526501e-01 
 1.548503e-01  1.000000e+00  1.548503e-01 -1.055975e-01 
 1.548603e-01  1.000000e+00  1.548603e-01 -5.555486e-02 
 1.548703e-01  1.000000e+00  1.548703e-01 -4.263184e-03 
 1.548803e-01  1.000000e+00  1.548803e-01  4.651624e-02 
 1.548903e-01  1.000000e+00  1.548903e-01  9.506198e-02 
 1.549003e-01  1.000000e+00  1.549003e-01  1.397506e-01 
 1.549103e-01  1.000000e+00  1.549103e-01  1.791105e-01 
 1.549203e-01  1.000000e+00  1.549203e-01  2.118703e-01 
 1.549303e-01  1.000000e+00  1.549303e-01  2.369995e-01 
 1.549403e-01  1.000000e+00  1.549403e-01  2.537402e-01 
 1.549503e-01  1.000000e+00  1.549503e-01  2.616298e-01 
 1.549603e-01  1.000000e+00  1.549603e-01  2.605129e-01 
 1.549703e-01  1.000000e+00  1.549703e-01  2.505423e-01 
 1.549803e-01  1.000000e+00  1.549803e-01  2.321703e-01 
 1.549903e-01  1.000000e+00  1.549903e-01  2.061292e-01 
 1.550000e-01  1.000000e+00  1.550000e-01  1.743924e-01 
 1.550010e-01  8.000000e-01  1.550010e-01  1.705752e-01 
 1.550030e-01  4.000000e-01  1.550030e-01  1.624378e-01 
 1.550070e-01 -4.000000e-01  1.550070e-01  1.431901e-01 
 1.550100e-01 -1.000000e+00  1.550100e-01  1.262060e-01 
 1.550104e-01 -1.000000e+00  1.550104e-01  1.238188e-01 
 1.550112e-01 -1.000000e+00  1.550112e-01  1.190338e-01 
 1.550128e-01 -1.000000e+00  1.550128e-01  1.094028e-01 
 1.550148e-01 -1.000000e+00  1.550148e-01  9.669760e-02 
 1.550179e-01 -1.000000e+00  1.550179e-01  7.784906e-02 
 1.550227e-01 -1.000000e+00  1.550227e-01  4.739858e-02 
 1.550302e-01 -1.000000e+00  1.550302e-01  1.113043e-04 
 1.550402e-01 -1.000000e+00  1.550402e-01 -6.196380e-02 
 1.550502e-01 -1.000000e+00  1.550502e-01 -1.211411e-01 
 1.550602e-01 -1.000000e+00  1.550602e-01 -1.754438e-01 
 1.550702e-01 -1.000000e+00  1.550702e-01 -2.230861e-01 
 1.550802e-01 -1.000000e+00  1.550802e-01 -2.625320e-01 
 1.550902e-01 -1.000000e+00  1.550902e-01 -2.925437e-01 
 1.551002e-01 -1.000000e+00  1.551002e-01 -3.122207e-01 
 1.551102e-01 -1.000000e+00  1.551102e-01 -3.210254e-01 
 1.551202e-01 -1.000000e+00  1.551202e-01 -3.187972e-01 
 1.551302e-01 -1.000000e+00  1.551302e-01 -3.057527e-01 
 1.551402e-01 -1.000000e+00  1.551402e-01 -2.824739e-01 
 1.551502e-01 -1.000000e+00  1.551502e-01 -2.498836e-01 
 1.551602e-01 -1.000000e+00  1.551602e-01 -2.092095e-01 
 1.551702e-01 -1.000000e+00  1.551702e-01 -1.619386e-01 
 1.551802e-01 -1.000000e+00  1.551802e-01 -1.097636e-01 
 1.551902e-01 -1.000000e+00  1.551902e-01 -5.452243e-02 
 1.552002e-01 -1.000000e+00  1.552002e-01  1.866124e-03 
 1.552102e-01 -1.000000e+00  1.552102e-01  5.746865e-02 
 1.552202e-01 -1.000000e+00  1.552202e-01  1.104030e-01 
 1.552302e-01 -1.000000e+00  1.552302e-01  1.589020e-01 
 1.552402e-01 -1.000000e+00  1.552402e-01  2.013717e-01 
 1.552502e-01 -1.000000e+00  1.552502e-01  2.364440e-01 
 1.552602e-01 -1.000000e+00  1.552602e-01  2.630196e-01 
 1.552702e-01 -1.000000e+00  1.552702e-01  2.803027e-01 
 1.552802e-01 -1.000000e+00  1.552802e-01  2.878236e-01 
 1.552902e-01 -1.000000e+00  1.552902e-01  2.854512e-01 
 1.553002e-01 -1.000000e+00  1.553002e-01  2.733923e-01 
 1.553102e-01 -1.000000e+00  1.553102e-01  2.521808e-01 
 1.553202e-01 -1.000000e+00  1.553202e-01  2.226555e-01 
 1.553302e-01 -1.000000e+00  1.553302e-01  1.859270e-01 
 1.553402e-01 -1.000000e+00  1.553402e-01  1.433370e-01 
 1.553502e-01 -1.000000e+00  1.553502e-01  9.640979e-02 
 1.553602e-01 -1.000000e+00  1.553602e-01  4.679749e-02 
 1.553702e-01 -1.000000e+00  1.553702e-01 -3.777280e-03 
 1.553802e-01 -1.000000e+00  1.553802e-01 -5.358116e-02 
 1.553902e-01 -1.000000e+00  1.553902e-01 -1.009291e-01 
 1.554002e-01 -1.000000e+00  1.554002e-01 -1.442413e-01 
 1.554102e-01 -1.000000e+00  1.554102e-01 -1.820953e-01 
 1.554202e-01 -1.000000e+00  1.554202e-01 -2.132727e-01 
 1.554302e-01 -1.000000e+00  1.554302e-01 -2.367978e-01 
 1.554402e-01 -1.000000e+00  1.554402e-01 -2.519678e-01 
 1.554502e-01 -1.000000e+00  1.554502e-01 -2.583732e-01 
 1.554602e-01 -1.000000e+00  1.554602e-01 -2.559081e-01 
 1.554702e-01 -1.000000e+00  1.554702e-01 -2.447695e-01 
 1.554802e-01 -1.000000e+00  1.554802e-01 -2.254472e-01 
 1.554902e-01 -1.000000e+00  1.554902e-01 -1.987032e-01 
 1.555002e-01 -1.000000e+00  1.555002e-01 -1.655421e-01 
 1.555100e-01 -1.000000e+00  1.555100e-01 -1.281510e-01 
 1.555110e-01 -8.000000e-01  1.555110e-01 -1.238593e-01 
 1.555130e-01 -4.000000e-01  1.555130e-01 -1.148069e-01 
 1.555170e-01  4.000000e-01  1.555170e-01 -9.393550e-02 
 1.555200e-01  1.000000e+00  1.555200e-01 -7.591727e-02 
 1.555204e-01  1.000000e+00  1.555204e-01 -7.340160e-02 
 1.555212e-01  1.000000e+00  1.555212e-01 -6.836512e-02 
 1.555228e-01  1.000000e+00  1.555228e-01 -5.826478e-02 
 1.555249e-01  1.000000e+00  1.555249e-01 -4.500393e-02 
 1.555279e-01  1.000000e+00  1.555279e-01 -2.551696e-02 
 1.555328e-01  1.000000e+00  1.555328e-01  5.642232e-03 
 1.555403e-01  1.000000e+00  1.555403e-01  5.311604e-02 
 1.555503e-01  1.000000e+00  1.555503e-01  1.137634e-01 
 1.555603e-01  1.000000e+00  1.555603e-01  1.697627e-01 
 1.555703e-01  1.000000e+00  1.555703e-01  2.192677e-01 
 1.555803e-01  1.000000e+00  1.555803e-01  2.606766e-01 
 1.555903e-01  1.000000e+00  1.555903e-01  2.926836e-01 
 1.556003e-01  1.000000e+00  1.556003e-01  3.143195e-01 
 1.556103e-01  1.000000e+00  1.556103e-01  3.249804e-01 
 1.556203e-01  1.000000e+00  1.556203e-01  3.244436e-01 
 1.556303e-01  1.000000e+00  1.556303e-01  3.128703e-01 
 1.556403e-01  1.000000e+00  1.556403e-01  2.907951e-01 
 1.556503e-01  1.000000e+00  1.556503e-01  2.591032e-01 
 1.556603e-01  1.000000e+00  1.556603e-01  2.189958e-01 
 1.556703e-01  1.000000e+00  1.556703e-01  1.719449e-01 
 1.556803e-01  1.000000e+00  1.556803e-01  1.196403e-01 
 1.556903e-01  1.000000e+00  1.556903e-01  6.392901e-02 
 1.557003e-01  1.000000e+00  1.557003e-01  6.750214e-03 
 1.557103e-01  1.000000e+00  1.557103e-01 -4.993143e-02 
 1.557203e-01  1.000000e+00  1.557203e-01 -1.041934e-01 
 1.557303e-01  1.000000e+00  1.557303e-01 -1.542200e-01 
 1.557403e-01  1.000000e+00  1.557403e-01 -1.983630e-01 
 1.557503e-01  1.000000e+00  1.557503e-01 -2.351952e-01 
 1.557603e-01  1.000000e+00  1.557603e-01 -2.635568e-01 
 1.557703e-01  1.000000e+00  1.557703e-01 -2.825907e-01 
 1.557803e-01  1.000000e+00  1.557803e-01 -2.917686e-01 
 1.557903e-01  1.000000e+00  1.557903e-01 -2.909040e-01 
 1.558003e-01  1.000000e+00  1.558003e-01 -2.801546e-01 
 1.558103e-01  1.000000e+00  1.558103e-01 -2.600123e-01 
 1.558203e-01  1.000000e+00  1.558203e-01 -2.312825e-01 
 1.558303e-01  1.000000e+00  1.558303e-01 -1.950523e-01 
 1.558403e-01  1.000000e+00  1.558403e-01 -1.526501e-01 
 1.558503e-01  1.000000e+00  1.558503e-01 -1.055975e-01 
 1.558603e-01  1.000000e+00  1.558603e-01 -5.555486e-02 
 1.558703e-01  1.000000e+00  1.558703e-01 -4.263183e-03 
 1.558803e-01  1.000000e+00  1.558803e-01  4.651624e-02 
 1.558903e-01  1.000000e+00  1.558903e-01  9.506198e-02 
 1.559003e-01  1.000000e+00  1.559003e-01  1.397506e-01 
 1.559103e-01  1.000000e+00  1.559103e-01  1.791105e-01 
 1.559203e-01  1.000000e+00  1.559203e-01  2.118703e-01 
 1.559303e-01  1.000000e+00  1.559303e-01  2.369995e-01 
 1.559403e-01  1.000000e+00  1.559403e-01  2.537402e-01 
 1.559503e-01  1.000000e+00  1.559503e-01  2.616298e-01 
 1.559603e-01  1.000000e+00  1.559603e-01  2.605129e-01 
 1.559703e-01  1.000000e+00  1.559703e-01  2.505423e-01 
 1.559803e-01  1.000000e+00  1.559803e-01  2.321703e-01 
 1.559903e-01  1.000000e+00  1.559903e-01  2.061292e-01 
 1.560000e-01  1.000000e+00  1.560000e-01  1.743924e-01 
 1.560010e-01  8.000000e-01  1.560010e-01  1.705752e-01 
 1.560030e-01  4.000000e-01  1.560030e-01  1.624378e-01 
 1.560070e-01 -4.000000e-01  1.560070e-01  1.431901e-01 
 1.560100e-01 -1.000000e+00  1.560100e-01  1.262060e-01 
 1.560104e-01 -1.000000e+00  1.560104e-01  1.238188e-01 
 1.560112e-01 -1.000000e+00  1.560112e-01  1.190338e-01 
 1.560128e-01 -1.000000e+00  1.560128e-01  1.094028e-01 
 1.560148e-01 -1.000000e+00  1.560148e-01  9.669760e-02 
 1.560179e-01 -1.000000e+00  1.560179e-01  7.784906e-02 
 1.560227e-01 -1.000000e+00  1.560227e-01  4.739858e-02 
 1.560302e-01 -1.000000e+00  1.560302e-01  1.113046e-04 
 1.560402e-01 -1.000000e+00  1.560402e-01 -6.196380e-02 
 1.560502e-01 -1.000000e+00  1.560502e-01 -1.211411e-01 
 1.560602e-01 -1.000000e+00  1.560602e-01 -1.754438e-01 
 1.560702e-01 -1.000000e+00  1.560702e-01 -2.230861e-01 
 1.560802e-01 -1.000000e+00  1.560802e-01 -2.625320e-01 
 1.560902e-01 -1.000000e+00  1.560902e-01 -2.925437e-01 
 1.561002e-01 -1.000000e+00  1.561002e-01 -3.122207e-01 
 1.561102e-01 -1.000000e+00  1.561102e-01 -3.210254e-01 
 1.561202e-01 -1.000000e+00  1.561202e-01 -3.187972e-01 
 1.561302e-01 -1.000000e+00  1.561302e-01 -3.057527e-01 
 1.561402e-01 -1.000000e+00  1.561402e-01 -2.824739e-01 
 1.561502e-01 -1.000000e+00  1.561502e-01 -2.498836e-01 
 1.561602e-01 -1.000000e+00  1.561602e-01 -2.092095e-01 
 1.561702e-01 -1.000000e+00  1.561702e-01 -1.619386e-01 
 1.561802e-01 -1.000000e+00  1.561802e-01 -1.097636e-01 
 1.561902e-01 -1.000000e+00  1.561902e-01 -5.452243e-02 
 1.562002e-01 -1.000000e+00  1.562002e-01  1.866124e-03 
 1.562102e-01 -1.000000e+00  1.562102e-01  5.746865e-02 
 1.562202e-01 -1.000000e+00  1.562202e-01  1.104030e-01 
 1.562302e-01 -1.000000e+00  1.562302e-01  1.589020e-01 
 1.562402e-01 -1.000000e+00  1.562402e-01  2.013717e-01 
 1.562502e-01 -1.000000e+00  1.562502e-01  2.364440e-01 
 1.562602e-01 -1.000000e+00  1.562602e-01  2.630196e-01 
 1.562702e-01 -1.000000e+00  1.562702e-01  2.803027e-01 
 1.562802e-01 -1.000000e+00  1.562802e-01  2.878236e-01 
 1.562902e-01 -1.000000e+00  1.562902e-01  2.854512e-01 
 1.563002e-01 -1.000000e+00  1.563002e-01  2.733923e-01 
 1.563102e-01 -1.000000e+00  1.563102e-01  2.521808e-01 
 1.563202e-01 -1.000000e+00  1.563202e-01  2.226555e-01 
 1.563302e-01 -1.000000e+00  1.563302e-01  1.859270e-01 
 1.563402e-01 -1.000000e+00  1.563402e-01  1.433370e-01 
 1.563502e-01 -1.000000e+00  1.563502e-01  9.640979e-02 
 1.563602e-01 -1.000000e+00  1.563602e-01  4.679749e-02 
 1.563702e-01 -1.000000e+00  1.563702e-01 -3.777279e-03 
 1.563802e-01 -1.000000e+00  1.563802e-01 -5.358116e-02 
 1.563902e-01 -1.000000e+00  1.563902e-01 -1.009291e-01 
 1.564002e-01 -1.000000e+00  1.564002e-01 -1.442413e-01 
 1.564102e-01 -1.000000e+00  1.564102e-01 -1.820953e-01 
 1.564202e-01 -1.000000e+00  1.564202e-01 -2.132727e-01 
 1.564302e-01 -1.000000e+00  1.564302e-01 -2.367978e-01 
 1.564402e-01 -1.000000e+00  1.564402e-01 -2.519678e-01 
 1.564502e-01 -1.000000e+00  1.564502e-01 -2.583732e-01 
 1.564602e-01 -1.000000e+00  1.564602e-01 -2.559081e-01 
 1.564702e-01 -1.000000e+00  1.564702e-01 -2.447695e-01 
 1.564802e-01 -1.000000e+00  1.564802e-01 -2.254472e-01 
 1.564902e-01 -1.000000e+00  1.564902e-01 -1.987032e-01 
 1.565002e-01 -1.000000e+00  1.565002e-01 -1.655421e-01 
 1.565100e-01 -1.000000e+00  1.565100e-01 -1.281510e-01 
 1.565110e-01 -8.000000e-01  1.565110e-01 -1.238593e-01 
 1.565130e-01 -4.000000e-01  1.565130e-01 -1.148069e-01 
 1.565170e-01  4.000000e-01  1.565170e-01 -9.393550e-02 
 1.565200e-01  1.000000e+00  1.565200e-01 -7.591727e-02 
 1.565204e-01  1.000000e+00  1.565204e-01 -7.340160e-02 
 1.565212e-01  1.000000e+00  1.565212e-01 -6.836512e-02 
 1.565228e-01  1.000000e+00  1.565228e-01 -5.826478e-02 
 1.565249e-01  1.000000e+00  1.565249e-01 -4.500393e-02 
 1.565279e-01  1.000000e+00  1.565279e-01 -2.551696e-02 
 1.565328e-01  1.000000e+00  1.565328e-01  5.642232e-03 
 1.565403e-01  1.000000e+00  1.565403e-01  5.311604e-02 
 1.565503e-01  1.000000e+00  1.565503e-01  1.137634e-01 
 1.565603e-01  1.000000e+00  1.565603e-01  1.697627e-01 
 1.565703e-01  1.000000e+00  1.565703e-01  2.192677e-01 
 1.565803e-01  1.000000e+00  1.565803e-01  2.606766e-01 
 1.565903e-01  1.000000e+00  1.565903e-01  2.926836e-01 
 1.566003e-01  1.000000e+00  1.566003e-01  3.143195e-01 
 1.566103e-01  1.000000e+00  1.566103e-01  3.249804e-01 
 1.566203e-01  1.000000e+00  1.566203e-01  3.244436e-01 
 1.566303e-01  1.000000e+00  1.566303e-01  3.128703e-01 
 1.566403e-01  1.000000e+00  1.566403e-01  2.907951e-01 
 1.566503e-01  1.000000e+00  1.566503e-01  2.591032e-01 
 1.566603e-01  1.000000e+00  1.566603e-01  2.189958e-01 
 1.566703e-01  1.000000e+00  1.566703e-01  1.719449e-01 
 1.566803e-01  1.000000e+00  1.566803e-01  1.196403e-01 
 1.566903e-01  1.000000e+00  1.566903e-01  6.392901e-02 
 1.567003e-01  1.000000e+00  1.567003e-01  6.750214e-03 
 1.567103e-01  1.000000e+00  1.567103e-01 -4.993143e-02 
 1.567203e-01  1.000000e+00  1.567203e-01 -1.041934e-01 
 1.567303e-01  1.000000e+00  1.567303e-01 -1.542200e-01 
 1.567403e-01  1.000000e+00  1.567403e-01 -1.983630e-01 
 1.567503e-01  1.000000e+00  1.567503e-01 -2.351952e-01 
 1.567603e-01  1.000000e+00  1.567603e-01 -2.635568e-01 
 1.567703e-01  1.000000e+00  1.567703e-01 -2.825907e-01 
 1.567803e-01  1.000000e+00  1.567803e-01 -2.917686e-01 
 1.567903e-01  1.000000e+00  1.567903e-01 -2.909040e-01 
 1.568003e-01  1.000000e+00  1.568003e-01 -2.801546e-01 
 1.568103e-01  1.000000e+00  1.568103e-01 -2.600123e-01 
 1.568203e-01  1.000000e+00  1.568203e-01 -2.312825e-01 
 1.568303e-01  1.000000e+00  1.568303e-01 -1.950523e-01 
 1.568403e-01  1.000000e+00  1.568403e-01 -1.526501e-01 
 1.568503e-01  1.000000e+00  1.568503e-01 -1.055975e-01 
 1.568603e-01  1.000000e+00  1.568603e-01 -5.555486e-02 
 1.568703e-01  1.000000e+00  1.568703e-01 -4.263184e-03 
 1.568803e-01  1.000000e+00  1.568803e-01  4.651624e-02 
 1.568903e-01  1.000000e+00  1.568903e-01  9.506198e-02 
 1.569003e-01  1.000000e+00  1.569003e-01  1.397506e-01 
 1.569103e-01  1.000000e+00  1.569103e-01  1.791105e-01 
 1.569203e-01  1.000000e+00  1.569203e-01  2.118703e-01 
 1.569303e-01  1.000000e+00  1.569303e-01  2.369995e-01 
 1.569403e-01  1.000000e+00  1.569403e-01  2.537402e-01 
 1.569503e-01  1.000000e+00  1.569503e-01  2.616298e-01 
 1.569603e-01  1.000000e+00  1.569603e-01  2.605129e-01 
 1.569703e-01  1.000000e+00  1.569703e-01  2.505423e-01 
 1.569803e-01  1.000000e+00  1.569803e-01  2.321703e-01 
 1.569903e-01  1.000000e+00  1.569903e-01  2.061292e-01 
 1.570000e-01  1.000000e+00  1.570000e-01  1.743924e-01 
 1.570010e-01  8.000000e-01  1.570010e-01  1.705752e-01 
 1.570030e-01  4.000000e-01  1.570030e-01  1.624378e-01 
 1.570070e-01 -4.000000e-01  1.570070e-01  1.431901e-01 
 1.570100e-01 -1.000000e+00  1.570100e-01  1.262060e-01 
 1.570104e-01 -1.000000e+00  1.570104e-01  1.238188e-01 
 1.570112e-01 -1.000000e+00  1.570112e-01  1.190338e-01 
 1.570128e-01 -1.000000e+00  1.570128e-01  1.094028e-01 
 1.570148e-01 -1.000000e+00  1.570148e-01  9.669760e-02 
 1.570179e-01 -1.000000e+00  1.570179e-01  7.784906e-02 
 1.570227e-01 -1.000000e+00  1.570227e-01  4.739858e-02 
 1.570302e-01 -1.000000e+00  1.570302e-01  1.113042e-04 
 1.570402e-01 -1.000000e+00  1.570402e-01 -6.196380e-02 
 1.570502e-01 -1.000000e+00  1.570502e-01 -1.211411e-01 
 1.570602e-01 -1.000000e+00  1.570602e-01 -1.754438e-01 
 1.570702e-01 -1.000000e+00  1.570702e-01 -2.230861e-01 
 1.570802e-01 -1.000000e+00  1.570802e-01 -2.625320e-01 
 1.570902e-01 -1.000000e+00  1.570902e-01 -2.925437e-01 
 1.571002e-01 -1.000000e+00  1.571002e-01 -3.122207e-01 
 1.571102e-01 -1.000000e+00  1.571102e-01 -3.210254e-01 
 1.571202e-01 -1.000000e+00  1.571202e-01 -3.187972e-01 
 1.571302e-01 -1.000000e+00  1.571302e-01 -3.057527e-01 
 1.571402e-01 -1.000000e+00  1.571402e-01 -2.824739e-01 
 1.571502e-01 -1.000000e+00  1.571502e-01 -2.498836e-01 
 1.571602e-01 -1.000000e+00  1.571602e-01 -2.092095e-01 
 1.571702e-01 -1.000000e+00  1.571702e-01 -1.619386e-01 
 1.571802e-01 -1.000000e+00  1.571802e-01 -1.097636e-01 
 1.571902e-01 -1.000000e+00  1.571902e-01 -5.452243e-02 
 1.572002e-01 -1.000000e+00  1.572002e-01  1.866124e-03 
 1.572102e-01 -1.000000e+00  1.572102e-01  5.746865e-02 
 1.572202e-01 -1.000000e+00  1.572202e-01  1.104030e-01 
 1.572302e-01 -1.000000e+00  1.572302e-01  1.589020e-01 
 1.572402e-01 -1.000000e+00  1.572402e-01  2.013717e-01 
 1.572502e-01 -1.000000e+00  1.572502e-01  2.364440e-01 
 1.572602e-01 -1.000000e+00  1.572602e-01  2.630196e-01 
 1.572702e-01 -1.000000e+00  1.572702e-01  2.803027e-01 
 1.572802e-01 -1.000000e+00  1.572802e-01  2.878236e-01 
 1.572902e-01 -1.000000e+00  1.572902e-01  2.854512e-01 
 1.573002e-01 -1.000000e+00  1.573002e-01  2.733923e-01 
 1.573102e-01 -1.000000e+00  1.573102e-01  2.521808e-01 
 1.573202e-01 -1.000000e+00  1.573202e-01  2.226555e-01 
 1.573302e-01 -1.000000e+00  1.573302e-01  1.859270e-01 
 1.573402e-01 -1.000000e+00  1.573402e-01  1.433370e-01 
 1.573502e-01 -1.000000e+00  1.573502e-01  9.640978e-02 
 1.573602e-01 -1.000000e+00  1.573602e-01  4.679749e-02 
 1.573702e-01 -1.000000e+00  1.573702e-01 -3.777280e-03 
 1.573802e-01 -1.000000e+00  1.573802e-01 -5.358116e-02 
 1.573902e-01 -1.000000e+00  1.573902e-01 -1.009291e-01 
 1.574002e-01 -1.000000e+00  1.574002e-01 -1.442413e-01 
 1.574102e-01 -1.000000e+00  1.574102e-01 -1.820953e-01 
 1.574202e-01 -1.000000e+00  1.574202e-01 -2.132727e-01 
 1.574302e-01 -1.000000e+00  1.574302e-01 -2.367978e-01 
 1.574402e-01 -1.000000e+00  1.574402e-01 -2.519678e-01 
 1.574502e-01 -1.000000e+00  1.574502e-01 -2.583732e-01 
 1.574602e-01 -1.000000e+00  1.574602e-01 -2.559081e-01 
 1.574702e-01 -1.000000e+00  1.574702e-01 -2.447695e-01 
 1.574802e-01 -1.000000e+00  1.574802e-01 -2.254472e-01 
 1.574902e-01 -1.000000e+00  1.574902e-01 -1.987032e-01 
 1.575002e-01 -1.000000e+00  1.575002e-01 -1.655421e-01 
 1.575100e-01 -1.000000e+00  1.575100e-01 -1.281510e-01 
 1.575110e-01 -8.000000e-01  1.575110e-01 -1.238593e-01 
 1.575130e-01 -4.000000e-01  1.575130e-01 -1.148069e-01 
 1.575170e-01  4.000000e-01  1.575170e-01 -9.393550e-02 
 1.575200e-01  1.000000e+00  1.575200e-01 -7.591727e-02 
 1.575204e-01  1.000000e+00  1.575204e-01 -7.340160e-02 
 1.575212e-01  1.000000e+00  1.575212e-01 -6.836512e-02 
 1.575228e-01  1.000000e+00  1.575228e-01 -5.826478e-02 
 1.575249e-01  1.000000e+00  1.575249e-01 -4.500393e-02 
 1.575279e-01  1.000000e+00  1.575279e-01 -2.551696e-02 
 1.575328e-01  1.000000e+00  1.575328e-01  5.642232e-03 
 1.575403e-01  1.000000e+00  1.575403e-01  5.311604e-02 
 1.575503e-01  1.000000e+00  1.575503e-01  1.137634e-01 
 1.575603e-01  1.000000e+00  1.575603e-01  1.697627e-01 
 1.575703e-01  1.000000e+00  1.575703e-01  2.192677e-01 
 1.575803e-01  1.000000e+00  1.575803e-01  2.606766e-01 
 1.575903e-01  1.000000e+00  1.575903e-01  2.926836e-01 
 1.576003e-01  1.000000e+00  1.576003e-01  3.143195e-01 
 1.576103e-01  1.000000e+00  1.576103e-01  3.249804e-01 
 1.576203e-01  1.000000e+00  1.576203e-01  3.244436e-01 
 1.576303e-01  1.000000e+00  1.576303e-01  3.128703e-01 
 1.576403e-01  1.000000e+00  1.576403e-01  2.907951e-01 
 1.576503e-01  1.000000e+00  1.576503e-01  2.591032e-01 
 1.576603e-01  1.000000e+00  1.576603e-01  2.189958e-01 
 1.576703e-01  1.000000e+00  1.576703e-01  1.719449e-01 
 1.576803e-01  1.000000e+00  1.576803e-01  1.196403e-01 
 1.576903e-01  1.000000e+00  1.576903e-01  6.392901e-02 
 1.577003e-01  1.000000e+00  1.577003e-01  6.750214e-03 
 1.577103e-01  1.000000e+00  1.577103e-01 -4.993143e-02 
 1.577203e-01  1.000000e+00  1.577203e-01 -1.041934e-01 
 1.577303e-01  1.000000e+00  1.577303e-01 -1.542200e-01 
 1.577403e-01  1.000000e+00  1.577403e-01 -1.983630e-01 
 1.577503e-01  1.000000e+00  1.577503e-01 -2.351952e-01 
 1.577603e-01  1.000000e+00  1.577603e-01 -2.635568e-01 
 1.577703e-01  1.000000e+00  1.577703e-01 -2.825907e-01 
 1.577803e-01  1.000000e+00  1.577803e-01 -2.917686e-01 
 1.577903e-01  1.000000e+00  1.577903e-01 -2.909040e-01 
 1.578003e-01  1.000000e+00  1.578003e-01 -2.801546e-01 
 1.578103e-01  1.000000e+00  1.578103e-01 -2.600123e-01 
 1.578203e-01  1.000000e+00  1.578203e-01 -2.312825e-01 
 1.578303e-01  1.000000e+00  1.578303e-01 -1.950523e-01 
 1.578403e-01  1.000000e+00  1.578403e-01 -1.526501e-01 
 1.578503e-01  1.000000e+00  1.578503e-01 -1.055975e-01 
 1.578603e-01  1.000000e+00  1.578603e-01 -5.555486e-02 
 1.578703e-01  1.000000e+00  1.578703e-01 -4.263184e-03 
 1.578803e-01  1.000000e+00  1.578803e-01  4.651624e-02 
 1.578903e-01  1.000000e+00  1.578903e-01  9.506198e-02 
 1.579003e-01  1.000000e+00  1.579003e-01  1.397506e-01 
 1.579103e-01  1.000000e+00  1.579103e-01  1.791105e-01 
 1.579203e-01  1.000000e+00  1.579203e-01  2.118703e-01 
 1.579303e-01  1.000000e+00  1.579303e-01  2.369995e-01 
 1.579403e-01  1.000000e+00  1.579403e-01  2.537402e-01 
 1.579503e-01  1.000000e+00  1.579503e-01  2.616298e-01 
 1.579603e-01  1.000000e+00  1.579603e-01  2.605129e-01 
 1.579703e-01  1.000000e+00  1.579703e-01  2.505423e-01 
 1.579803e-01  1.000000e+00  1.579803e-01  2.321703e-01 
 1.579903e-01  1.000000e+00  1.579903e-01  2.061292e-01 
 1.580000e-01  1.000000e+00  1.580000e-01  1.743924e-01 
 1.580010e-01  8.000000e-01  1.580010e-01  1.705752e-01 
 1.580030e-01  4.000000e-01  1.580030e-01  1.624378e-01 
 1.580070e-01 -4.000000e-01  1.580070e-01  1.431901e-01 
 1.580100e-01 -1.000000e+00  1.580100e-01  1.262060e-01 
 1.580104e-01 -1.000000e+00  1.580104e-01  1.238188e-01 
 1.580112e-01 -1.000000e+00  1.580112e-01  1.190338e-01 
 1.580128e-01 -1.000000e+00  1.580128e-01  1.094028e-01 
 1.580148e-01 -1.000000e+00  1.580148e-01  9.669760e-02 
 1.580179e-01 -1.000000e+00  1.580179e-01  7.784906e-02 
 1.580227e-01 -1.000000e+00  1.580227e-01  4.739858e-02 
 1.580302e-01 -1.000000e+00  1.580302e-01  1.113043e-04 
 1.580402e-01 -1.000000e+00  1.580402e-01 -6.196380e-02 
 1.580502e-01 -1.000000e+00  1.580502e-01 -1.211411e-01 
 1.580602e-01 -1.000000e+00  1.580602e-01 -1.754438e-01 
 1.580702e-01 -1.000000e+00  1.580702e-01 -2.230861e-01 
 1.580802e-01 -1.000000e+00  1.580802e-01 -2.625320e-01 
 1.580902e-01 -1.000000e+00  1.580902e-01 -2.925437e-01 
 1.581002e-01 -1.000000e+00  1.581002e-01 -3.122207e-01 
 1.581102e-01 -1.000000e+00  1.581102e-01 -3.210254e-01 
 1.581202e-01 -1.000000e+00  1.581202e-01 -3.187972e-01 
 1.581302e-01 -1.000000e+00  1.581302e-01 -3.057527e-01 
 1.581402e-01 -1.000000e+00  1.581402e-01 -2.824739e-01 
 1.581502e-01 -1.000000e+00  1.581502e-01 -2.498836e-01 
 1.581602e-01 -1.000000e+00  1.581602e-01 -2.092095e-01 
 1.581702e-01 -1.000000e+00  1.581702e-01 -1.619386e-01 
 1.581802e-01 -1.000000e+00  1.581802e-01 -1.097636e-01 
 1.581902e-01 -1.000000e+00  1.581902e-01 -5.452243e-02 
 1.582002e-01 -1.000000e+00  1.582002e-01  1.866124e-03 
 1.582102e-01 -1.000000e+00  1.582102e-01  5.746865e-02 
 1.582202e-01 -1.000000e+00  1.582202e-01  1.104030e-01 
 1.582302e-01 -1.000000e+00  1.582302e-01  1.589020e-01 
 1.582402e-01 -1.000000e+00  1.582402e-01  2.013717e-01 
 1.582502e-01 -1.000000e+00  1.582502e-01  2.364440e-01 
 1.582602e-01 -1.000000e+00  1.582602e-01  2.630196e-01 
 1.582702e-01 -1.000000e+00  1.582702e-01  2.803027e-01 
 1.582802e-01 -1.000000e+00  1.582802e-01  2.878236e-01 
 1.582902e-01 -1.000000e+00  1.582902e-01  2.854512e-01 
 1.583002e-01 -1.000000e+00  1.583002e-01  2.733923e-01 
 1.583102e-01 -1.000000e+00  1.583102e-01  2.521808e-01 
 1.583202e-01 -1.000000e+00  1.583202e-01  2.226555e-01 
 1.583302e-01 -1.000000e+00  1.583302e-01  1.859270e-01 
 1.583402e-01 -1.000000e+00  1.583402e-01  1.433370e-01 
 1.583502e-01 -1.000000e+00  1.583502e-01  9.640979e-02 
 1.583602e-01 -1.000000e+00  1.583602e-01  4.679749e-02 
 1.583702e-01 -1.000000e+00  1.583702e-01 -3.777280e-03 
 1.583802e-01 -1.000000e+00  1.583802e-01 -5.358116e-02 
 1.583902e-01 -1.000000e+00  1.583902e-01 -1.009291e-01 
 1.584002e-01 -1.000000e+00  1.584002e-01 -1.442413e-01 
 1.584102e-01 -1.000000e+00  1.584102e-01 -1.820953e-01 
 1.584202e-01 -1.000000e+00  1.584202e-01 -2.132727e-01 
 1.584302e-01 -1.000000e+00  1.584302e-01 -2.367978e-01 
 1.584402e-01 -1.000000e+00  1.584402e-01 -2.519678e-01 
 1.584502e-01 -1.000000e+00  1.584502e-01 -2.583732e-01 
 1.584602e-01 -1.000000e+00  1.584602e-01 -2.559081e-01 
 1.584702e-01 -1.000000e+00  1.584702e-01 -2.447695e-01 
 1.584802e-01 -1.000000e+00  1.584802e-01 -2.254472e-01 
 1.584902e-01 -1.000000e+00  1.584902e-01 -1.987032e-01 
 1.585002e-01 -1.000000e+00  1.585002e-01 -1.655421e-01 
 1.585100e-01 -1.000000e+00  1.585100e-01 -1.281510e-01 
 1.585110e-01 -8.000000e-01  1.585110e-01 -1.238593e-01 
 1.585130e-01 -4.000000e-01  1.585130e-01 -1.148069e-01 
 1.585170e-01  4.000000e-01  1.585170e-01 -9.393550e-02 
 1.585200e-01  1.000000e+00  1.585200e-01 -7.591727e-02 
 1.585204e-01  1.000000e+00  1.585204e-01 -7.340160e-02 
 1.585212e-01  1.000000e+00  1.585212e-01 -6.836512e-02 
 1.585228e-01  1.000000e+00  1.585228e-01 -5.826478e-02 
 1.585249e-01  1.000000e+00  1.585249e-01 -4.500393e-02 
 1.585279e-01  1.000000e+00  1.585279e-01 -2.551696e-02 
 1.585328e-01  1.000000e+00  1.585328e-01  5.642232e-03 
 1.585403e-01  1.000000e+00  1.585403e-01  5.311604e-02 
 1.585503e-01  1.000000e+00  1.585503e-01  1.137634e-01 
 1.585603e-01  1.000000e+00  1.585603e-01  1.697627e-01 
 1.585703e-01  1.000000e+00  1.585703e-01  2.192677e-01 
 1.585803e-01  1.000000e+00  1.585803e-01  2.606766e-01 
 1.585903e-01  1.000000e+00  1.585903e-01  2.926836e-01 
 1.586003e-01  1.000000e+00  1.586003e-01  3.143195e-01 
 1.586103e-01  1.000000e+00  1.586103e-01  3.249804e-01 
 1.586203e-01  1.000000e+00  1.586203e-01  3.244436e-01 
 1.586303e-01  1.000000e+00  1.586303e-01  3.128703e-01 
 1.586403e-01  1.000000e+00  1.586403e-01  2.907951e-01 
 1.586503e-01  1.000000e+00  1.586503e-01  2.591032e-01 
 1.586603e-01  1.000000e+00  1.586603e-01  2.189958e-01 
 1.586703e-01  1.000000e+00  1.586703e-01  1.719449e-01 
 1.586803e-01  1.000000e+00  1.586803e-01  1.196403e-01 
 1.586903e-01  1.000000e+00  1.586903e-01  6.392901e-02 
 1.587003e-01  1.000000e+00  1.587003e-01  6.750214e-03 
 1.587103e-01  1.000000e+00  1.587103e-01 -4.993143e-02 
 1.587203e-01  1.000000e+00  1.587203e-01 -1.041934e-01 
 1.587303e-01  1.000000e+00  1.587303e-01 -1.542200e-01 
 1.587403e-01  1.000000e+00  1.587403e-01 -1.983630e-01 
 1.587503e-01  1.000000e+00  1.587503e-01 -2.351952e-01 
 1.587603e-01  1.000000e+00  1.587603e-01 -2.635568e-01 
 1.587703e-01  1.000000e+00  1.587703e-01 -2.825907e-01 
 1.587803e-01  1.000000e+00  1.587803e-01 -2.917686e-01 
 1.587903e-01  1.000000e+00  1.587903e-01 -2.909040e-01 
 1.588003e-01  1.000000e+00  1.588003e-01 -2.801546e-01 
 1.588103e-01  1.000000e+00  1.588103e-01 -2.600123e-01 
 1.588203e-01  1.000000e+00  1.588203e-01 -2.312825e-01 
 1.588303e-01  1.000000e+00  1.588303e-01 -1.950523e-01 
 1.588403e-01  1.000000e+00  1.588403e-01 -1.526501e-01 
 1.588503e-01  1.000000e+00  1.588503e-01 -1.055975e-01 
 1.588603e-01  1.000000e+00  1.588603e-01 -5.555486e-02 
 1.588703e-01  1.000000e+00  1.588703e-01 -4.263183e-03 
 1.588803e-01  1.000000e+00  1.588803e-01  4.651624e-02 
 1.588903e-01  1.000000e+00  1.588903e-01  9.506198e-02 
 1.589003e-01  1.000000e+00  1.589003e-01  1.397506e-01 
 1.589103e-01  1.000000e+00  1.589103e-01  1.791105e-01 
 1.589203e-01  1.000000e+00  1.589203e-01  2.118703e-01 
 1.589303e-01  1.000000e+00  1.589303e-01  2.369995e-01 
 1.589403e-01  1.000000e+00  1.589403e-01  2.537402e-01 
 1.589503e-01  1.000000e+00  1.589503e-01  2.616298e-01 
 1.589603e-01  1.000000e+00  1.589603e-01  2.605129e-01 
 1.589703e-01  1.000000e+00  1.589703e-01  2.505423e-01 
 1.589803e-01  1.000000e+00  1.589803e-01  2.321703e-01 
 1.589903e-01  1.000000e+00  1.589903e-01  2.061292e-01 
 1.590000e-01  1.000000e+00  1.590000e-01  1.743924e-01 
 1.590010e-01  8.000000e-01  1.590010e-01  1.705752e-01 
 1.590030e-01  4.000000e-01  1.590030e-01  1.624378e-01 
 1.590070e-01 -4.000000e-01  1.590070e-01  1.431901e-01 
 1.590100e-01 -1.000000e+00  1.590100e-01  1.262060e-01 
 1.590104e-01 -1.000000e+00  1.590104e-01  1.238188e-01 
 1.590112e-01 -1.000000e+00  1.590112e-01  1.190338e-01 
 1.590128e-01 -1.000000e+00  1.590128e-01  1.094028e-01 
 1.590148e-01 -1.000000e+00  1.590148e-01  9.669760e-02 
 1.590179e-01 -1.000000e+00  1.590179e-01  7.784906e-02 
 1.590227e-01 -1.000000e+00  1.590227e-01  4.739858e-02 
 1.590302e-01 -1.000000e+00  1.590302e-01  1.113041e-04 
 1.590402e-01 -1.000000e+00  1.590402e-01 -6.196380e-02 
 1.590502e-01 -1.000000e+00  1.590502e-01 -1.211411e-01 
 1.590602e-01 -1.000000e+00  1.590602e-01 -1.754438e-01 
 1.590702e-01 -1.000000e+00  1.590702e-01 -2.230861e-01 
 1.590802e-01 -1.000000e+00  1.590802e-01 -2.625320e-01 
 1.590902e-01 -1.000000e+00  1.590902e-01 -2.925437e-01 
 1.591002e-01 -1.000000e+00  1.591002e-01 -3.122207e-01 
 1.591102e-01 -1.000000e+00  1.591102e-01 -3.210254e-01 
 1.591202e-01 -1.000000e+00  1.591202e-01 -3.187972e-01 
 1.591302e-01 -1.000000e+00  1.591302e-01 -3.057527e-01 
 1.591402e-01 -1.000000e+00  1.591402e-01 -2.824739e-01 
 1.591502e-01 -1.000000e+00  1.591502e-01 -2.498836e-01 
 1.591602e-01 -1.000000e+00  1.591602e-01 -2.092095e-01 
 1.591702e-01 -1.000000e+00  1.591702e-01 -1.619386e-01 
 1.591802e-01 -1.000000e+00  1.591802e-01 -1.097636e-01 
 1.591902e-01 -1.000000e+00  1.591902e-01 -5.452243e-02 
 1.592002e-01 -1.000000e+00  1.592002e-01  1.866124e-03 
 1.592102e-01 -1.000000e+00  1.592102e-01  5.746865e-02 
 1.592202e-01 -1.000000e+00  1.592202e-01  1.104030e-01 
 1.592302e-01 -1.000000e+00  1.592302e-01  1.589020e-01 
 1.592402e-01 -1.000000e+00  1.592402e-01  2.013717e-01 
 1.592502e-01 -1.000000e+00  1.592502e-01  2.364440e-01 
 1.592602e-01 -1.000000e+00  1.592602e-01  2.630196e-01 
 1.592702e-01 -1.000000e+00  1.592702e-01  2.803027e-01 
 1.592802e-01 -1.000000e+00  1.592802e-01  2.878236e-01 
 1.592902e-01 -1.000000e+00  1.592902e-01  2.854512e-01 
 1.593002e-01 -1.000000e+00  1.593002e-01  2.733923e-01 
 1.593102e-01 -1.000000e+00  1.593102e-01  2.521808e-01 
 1.593202e-01 -1.000000e+00  1.593202e-01  2.226555e-01 
 1.593302e-01 -1.000000e+00  1.593302e-01  1.859270e-01 
 1.593402e-01 -1.000000e+00  1.593402e-01  1.433370e-01 
 1.593502e-01 -1.000000e+00  1.593502e-01  9.640978e-02 
 1.593602e-01 -1.000000e+00  1.593602e-01  4.679749e-02 
 1.593702e-01 -1.000000e+00  1.593702e-01 -3.777280e-03 
 1.593802e-01 -1.000000e+00  1.593802e-01 -5.358116e-02 
 1.593902e-01 -1.000000e+00  1.593902e-01 -1.009291e-01 
 1.594002e-01 -1.000000e+00  1.594002e-01 -1.442413e-01 
 1.594102e-01 -1.000000e+00  1.594102e-01 -1.820953e-01 
 1.594202e-01 -1.000000e+00  1.594202e-01 -2.132727e-01 
 1.594302e-01 -1.000000e+00  1.594302e-01 -2.367978e-01 
 1.594402e-01 -1.000000e+00  1.594402e-01 -2.519678e-01 
 1.594502e-01 -1.000000e+00  1.594502e-01 -2.583732e-01 
 1.594602e-01 -1.000000e+00  1.594602e-01 -2.559081e-01 
 1.594702e-01 -1.000000e+00  1.594702e-01 -2.447695e-01 
 1.594802e-01 -1.000000e+00  1.594802e-01 -2.254472e-01 
 1.594902e-01 -1.000000e+00  1.594902e-01 -1.987032e-01 
 1.595002e-01 -1.000000e+00  1.595002e-01 -1.655421e-01 
 1.595100e-01 -1.000000e+00  1.595100e-01 -1.281510e-01 
 1.595110e-01 -8.000000e-01  1.595110e-01 -1.238593e-01 
 1.595130e-01 -4.000000e-01  1.595130e-01 -1.148069e-01 
 1.595170e-01  4.000000e-01  1.595170e-01 -9.393550e-02 
 1.595200e-01  1.000000e+00  1.595200e-01 -7.591727e-02 
 1.595204e-01  1.000000e+00  1.595204e-01 -7.340160e-02 
 1.595212e-01  1.000000e+00  1.595212e-01 -6.836512e-02 
 1.595228e-01  1.000000e+00  1.595228e-01 -5.826478e-02 
 1.595249e-01  1.000000e+00  1.595249e-01 -4.500393e-02 
 1.595279e-01  1.000000e+00  1.595279e-01 -2.551696e-02 
 1.595328e-01  1.000000e+00  1.595328e-01  5.642232e-03 
 1.595403e-01  1.000000e+00  1.595403e-01  5.311604e-02 
 1.595503e-01  1.000000e+00  1.595503e-01  1.137634e-01 
 1.595603e-01  1.000000e+00  1.595603e-01  1.697627e-01 
 1.595703e-01  1.000000e+00  1.595703e-01  2.192677e-01 
 1.595803e-01  1.000000e+00  1.595803e-01  2.606766e-01 
 1.595903e-01  1.000000e+00  1.595903e-01  2.926836e-01 
 1.596003e-01  1.000000e+00  1.596003e-01  3.143195e-01 
 1.596103e-01  1.000000e+00  1.596103e-01  3.249804e-01 
 1.596203e-01  1.000000e+00  1.596203e-01  3.244436e-01 
 1.596303e-01  1.000000e+00  1.596303e-01  3.128703e-01 
 1.596403e-01  1.000000e+00  1.596403e-01  2.907951e-01 
 1.596503e-01  1.000000e+00  1.596503e-01  2.591032e-01 
 1.596603e-01  1.000000e+00  1.596603e-01  2.189958e-01 
 1.596703e-01  1.000000e+00  1.596703e-01  1.719449e-01 
 1.596803e-01  1.000000e+00  1.596803e-01  1.196403e-01 
 1.596903e-01  1.000000e+00  1.596903e-01  6.392901e-02 
 1.597003e-01  1.000000e+00  1.597003e-01  6.750214e-03 
 1.597103e-01  1.000000e+00  1.597103e-01 -4.993143e-02 
 1.597203e-01  1.000000e+00  1.597203e-01 -1.041934e-01 
 1.597303e-01  1.000000e+00  1.597303e-01 -1.542200e-01 
 1.597403e-01  1.000000e+00  1.597403e-01 -1.983630e-01 
 1.597503e-01  1.000000e+00  1.597503e-01 -2.351952e-01 
 1.597603e-01  1.000000e+00  1.597603e-01 -2.635568e-01 
 1.597703e-01  1.000000e+00  1.597703e-01 -2.825907e-01 
 1.597803e-01  1.000000e+00  1.597803e-01 -2.917686e-01 
 1.597903e-01  1.000000e+00  1.597903e-01 -2.909040e-01 
 1.598003e-01  1.000000e+00  1.598003e-01 -2.801546e-01 
 1.598103e-01  1.000000e+00  1.598103e-01 -2.600123e-01 
 1.598203e-01  1.000000e+00  1.598203e-01 -2.312825e-01 
 1.598303e-01  1.000000e+00  1.598303e-01 -1.950523e-01 
 1.598403e-01  1.000000e+00  1.598403e-01 -1.526501e-01 
 1.598503e-01  1.000000e+00  1.598503e-01 -1.055975e-01 
 1.598603e-01  1.000000e+00  1.598603e-01 -5.555486e-02 
 1.598703e-01  1.000000e+00  1.598703e-01 -4.263184e-03 
 1.598803e-01  1.000000e+00  1.598803e-01  4.651624e-02 
 1.598903e-01  1.000000e+00  1.598903e-01  9.506198e-02 
 1.599003e-01  1.000000e+00  1.599003e-01  1.397506e-01 
 1.599103e-01  1.000000e+00  1.599103e-01  1.791105e-01 
 1.599203e-01  1.000000e+00  1.599203e-01  2.118703e-01 
 1.599303e-01  1.000000e+00  1.599303e-01  2.369995e-01 
 1.599403e-01  1.000000e+00  1.599403e-01  2.537402e-01 
 1.599503e-01  1.000000e+00  1.599503e-01  2.616298e-01 
 1.599603e-01  1.000000e+00  1.599603e-01  2.605129e-01 
 1.599703e-01  1.000000e+00  1.599703e-01  2.505423e-01 
 1.599803e-01  1.000000e+00  1.599803e-01  2.321703e-01 
 1.599903e-01  1.000000e+00  1.599903e-01  2.061292e-01 
 1.600000e-01  1.000000e+00  1.600000e-01  1.743924e-01 
